
total size 4194304
total time 6026, avg 60

total size 2097152
total time 6212, avg 62

total size 1048576
total time 6416, avg 64

total size 524288
total time 6386, avg 63

total size 262144
total time 4744, avg 47

total size 131072
total time 4726, avg 47

total size 65536
total time 4744, avg 47

total size 32768
total time 4732, avg 47

total size 16384
total time 4734, avg 47

total size 16384
pre shuffle
post shuffle
msrmts
48; 50; 46; 48; 44; 48; 48; 48; 46; 50; 44; 48; 46; 48; 48; 46; 48; 46; 50; 48; 48; 48; 46; 50; 44; 48; 46; 50; 46; 48; 48; 46; 48; 42; 52; 46; 46; 46; 50; 46; 50; 44; 50; 46; 48; 44; 48; 46; 50; 46; 50; 48; 46; 50; 46; 48; 48; 48; 48; 48; 48; 48; 48; 48; 48; 46; 50; 46; 50; 44; 48; 48; 50; 44; 48; 46; 50; 46; 50; 46; 50; 46; 48; 46; 48; 50; 46; 48; 46; 48; 48; 48; 48; 46; 50; 48; 48; 48; 48; 48; total time 4752, avg 47

total size 32768
pre shuffle
post shuffle
msrmts
48; 52; 46; 52; 48; 44; 54; 44; 54; 48; 46; 50; 48; 48; 48; 48; 48; 50; 48; 50; 48; 48; 52; 48; 52; 48; 52; 48; 52; 50; 48; 52; 48; 52; 48; 50; 50; 48; 52; 48; 52; 50; 52; 48; 50; 48; 50; 48; 48; 50; 48; 50; 46; 48; 48; 48; 52; 46; 52; 50; 48; 52; 44; 52; 48; 48; 50; 50; 46; 50; 50; 46; 52; 48; 48; 50; 52; 50; 46; 50; 46; 48; 48; 48; 48; 46; 50; 48; 48; 48; 52; 48; 52; 50; 48; 50; 48; 50; 48; 50; total time 4906, avg 49

total size 65536
pre shuffle
post shuffle
msrmts
48; 48; 50; 48; 50; 50; 48; 48; 48; 52; 50; 48; 50; 46; 48; 46; 48; 48; 50; 48; 50; 52; 48; 50; 46; 50; 48; 50; 48; 48; 52; 48; 54; 48; 48; 48; 52; 50; 48; 48; 50; 52; 50; 48; 50; 48; 50; 44; 52; 48; 50; 46; 52; 48; 52; 48; 50; 48; 50; 48; 52; 48; 46; 48; 48; 48; 48; 50; 48; 46; 52; 50; 48; 50; 52; 48; 50; 52; 44; 54; 48; 48; 46; 50; 48; 48; 50; 48; 52; 50; 52; 48; 50; 50; 48; 50; 48; 50; 48; 48; total time 4904, avg 49

total size 131072
pre shuffle
post shuffle
msrmts
38; 40; 42; 40; 40; 40; 40; 38; 44; 40; 40; 42; 42; 42; 38; 38; 42; 42; 40; 40; 40; 42; 38; 42; 42; 38; 44; 42; 38; 40; 38; 42; 40; 40; 42; 40; 38; 38; 40; 40; 40; 40; 42; 40; 42; 38; 40; 42; 40; 40; 40; 40; 40; 42; 40; 40; 42; 42; 38; 42; 40; 40; 44; 38; 42; 42; 40; 40; 40; 42; 38; 42; 42; 38; 42; 40; 40; 40; 38; 42; 44; 40; 42; 40; 38; 40; 38; 40; 40; 42; 40; 38; 40; 38; 40; 42; 40; 40; 42; 38; total time 4034, avg 40

total size 262144
pre shuffle
post shuffle
msrmts
36; 36; 38; 34; 40; 36; 38; 36; 34; 36; 38; 36; 34; 40; 36; 38; 36; 40; 36; 38; 36; 36; 38; 36; 38; 36; 38; 36; 38; 38; 36; 36; 36; 38; 36; 38; 36; 38; 36; 36; 38; 36; 36; 36; 38; 38; 36; 38; 36; 40; 36; 38; 52; 36; 36; 34; 38; 36; 36; 34; 38; 38; 36; 38; 36; 38; 36; 36; 36; 38; 36; 36; 36; 38; 36; 36; 36; 38; 36; 36; 38; 38; 36; 36; 38; 36; 38; 36; 38; 38; 38; 36; 38; 36; 36; 38; 36; 38; 36; 38; total time 3696, avg 36

total size 524288
pre shuffle
post shuffle
msrmts
50; 52; 56; 54; 54; 48; 54; 56; 50; 50; 48; 54; 54; 54; 48; 48; 46; 52; 54; 56; 54; 54; 54; 50; 50; 56; 56; 54; 48; 48; 56; 48; 54; 50; 54; 50; 48; 48; 56; 52; 56; 56; 50; 50; 48; 54; 56; 54; 48; 52; 50; 56; 50; 56; 46; 52; 48; 56; 48; 48; 50; 52; 50; 54; 54; 50; 52; 56; 50; 54; 56; 52; 48; 54; 50; 48; 52; 50; 54; 52; 52; 54; 52; 50; 54; 48; 54; 52; 48; 54; 54; 48; 50; 54; 50; 52; 50; 52; 58; 46; total time 5182, avg 51

total size 1048576
pre shuffle
post shuffle
msrmts
56; 52; 54; 48; 48; 52; 56; 50; 54; 52; 48; 54; 48; 50; 52; 56; 56; 48; 56; 54; 48; 56; 54; 52; 56; 50; 56; 48; 54; 56; 52; 48; 50; 56; 54; 52; 50; 56; 56; 48; 54; 48; 50; 52; 52; 54; 56; 54; 56; 50; 56; 50; 54; 56; 48; 56; 54; 48; 58; 50; 50; 56; 56; 54; 52; 56; 50; 54; 56; 48; 58; 50; 54; 54; 54; 54; 54; 52; 50; 54; 54; 48; 54; 52; 54; 52; 54; 54; 56; 50; 52; 56; 50; 52; 50; 54; 54; 56; 54; 56; total time 5280, avg 52

total size 2097152
pre shuffle
post shuffle
msrmts
48; 46; 56; 56; 54; 54; 50; 56; 54; 54; 48; 52; 48; 56; 52; 56; 54; 54; 54; 50; 48; 58; 58; 54; 54; 50; 46; 48; 54; 48; 48; 56; 48; 56; 50; 54; 50; 50; 48; 54; 56; 54; 50; 52; 52; 56; 50; 50; 50; 48; 54; 52; 54; 52; 54; 48; 56; 56; 56; 54; 52; 56; 54; 56; 50; 48; 54; 48; 50; 48; 52; 50; 54; 48; 52; 56; 48; 52; 56; 48; 54; 50; 56; 50; 58; 52; 48; 54; 50; 50; 56; 56; 48; 48; 54; 54; 56; 56; 54; 54; total time 5228, avg 52

total size 4194304
pre shuffle
post shuffle
msrmts
54; 52; 54; 50; 50; 58; 48; 56; 52; 56; 52; 54; 52; 50; 56; 50; 54; 48; 48; 54; 52; 52; 54; 48; 50; 50; 54; 52; 54; 56; 56; 50; 52; 56; 50; 50; 52; 50; 56; 52; 52; 54; 48; 54; 50; 54; 50; 52; 48; 54; 48; 48; 56; 50; 50; 50; 56; 50; 54; 50; 50; 54; 52; 50; 52; 54; 50; 52; 54; 54; 48; 52; 54; 54; 50; 50; 52; 54; 56; 52; 50; 54; 48; 56; 54; 52; 54; 54; 50; 52; 56; 52; 54; 54; 52; 52; 52; 56; 48; 54; total time 5220, avg 52

total size 8388608
pre shuffle
post shuffle
msrmts
228; 74; 70; 64; 64; 70; 70; 60; 60; 72; 64; 68; 68; 64; 62; 70; 68; 70; 58; 62; 62; 68; 62; 66; 68; 64; 68; 66; 64; 70; 66; 70; 68; 62; 62; 64; 64; 70; 68; 66; 62; 62; 64; 62; 72; 62; 68; 66; 64; 66; 70; 66; 64; 252; 62; 68; 66; 62; 66; 68; 60; 68; 62; 60; 68; 70; 58; 66; 68; 66; 66; 70; 62; 66; 64; 68; 64; 66; 62; 60; 66; 66; 68; 60; 64; 62; 64; 70; 68; 68; 64; 62; 66; 60; 64; 64; 64; 62; 70; 66; total time 6888, avg 68

total size 16777216
pre shuffle
post shuffle
msrmts
116; 344; 324; 324; 344; 130; 386; 300; 134; 130; 338; 114; 332; 332; 328; 126; 128; 320; 340; 328; 330; 336; 122; 348; 318; 120; 320; 126; 346; 118; 126; 118; 332; 310; 120; 340; 122; 118; 126; 130; 336; 304; 328; 320; 130; 338; 320; 126; 130; 126; 128; 330; 340; 330; 324; 130; 114; 118; 114; 344; 324; 130; 126; 342; 124; 340; 1166; 118; 328; 334; 338; 344; 118; 340; 120; 338; 324; 338; 304; 328; 332; 342; 324; 130; 122; 126; 114; 114; 332; 120; 118; 330; 328; 304; 300; 118; 324; 124; 118; 326; total time 24944, avg 249
