

     CUnit - A unit testing framework for C - Version 2.1-3
     http://cunit.sourceforge.net/



Run Summary:    Type  Total    Ran Passed Failed Inactive
              suites      1      1    n/a      0        0
               tests      0      0      0      0        0
             asserts      0      0      0      0      n/a

Elapsed time =    0.000 seconds
[!] target 0x7f9dd0900000
highest val 0x7f9dcfc00000
lowest val 0x7f9dcfa00000
[+] printing adrs of list:
[1] 0x7f9dcfc00000 0x7f9dcfbe0000
[2] 0x7f9dcfbe0000 0x7f9dcfbc0000
[3] 0x7f9dcfbc0000 0x7f9dcfba0000
[4] 0x7f9dcfba0000 0x7f9dcfb80000
[5] 0x7f9dcfb80000 0x7f9dcfb60000
[6] 0x7f9dcfb60000 0x7f9dcfb40000
[7] 0x7f9dcfb40000 0x7f9dcfb20000
[8] 0x7f9dcfb20000 0x7f9dcfb00000
[9] 0x7f9dcfb00000 0x7f9dcfae0000
[10] 0x7f9dcfae0000 0x7f9dcfac0000
[11] 0x7f9dcfac0000 0x7f9dcfaa0000
[12] 0x7f9dcfaa0000 0x7f9dcfa80000
[13] 0x7f9dcfa80000 0x7f9dcfa60000
[14] 0x7f9dcfa60000 0x7f9dcfa40000
[15] 0x7f9dcfa40000 0x7f9dcfa20000
[16] 0x7f9dcfa20000 0x7f9dcfa08000
[17] 0x7f9dcfa08000 0x7f9dcfa07000
[18] 0x7f9dcfa07000 0x7f9dcfa06000
[19] 0x7f9dcfa06000 0x7f9dcfa05000
[20] 0x7f9dcfa05000 0x7f9dcfa04000
[21] 0x7f9dcfa04000 0x7f9dcfa03000
[22] 0x7f9dcfa03000 0x7f9dcfa02000
[23] 0x7f9dcfa02000 0x7f9dcfa01000
[24] 0x7f9dcfa01000 0x7f9dcfa00000
[25] 0x7f9dcfa00000 (nil)
17 0x7f9dcfb20000
10 0x7f9dcfa40000
22 0x7f9dcfbc0000
 4 0x7f9dcfa04000
 7 0x7f9dcfa07000
18 0x7f9dcfb40000
21 0x7f9dcfba0000
11 0x7f9dcfa60000
16 0x7f9dcfb00000
 6 0x7f9dcfa06000
 3 0x7f9dcfa03000
20 0x7f9dcfb80000
15 0x7f9dcfae0000
12 0x7f9dcfa80000
 2 0x7f9dcfa02000
 8 0x7f9dcfa08000
 1 0x7f9dcfa01000
14 0x7f9dcfac0000
 9 0x7f9dcfa20000
24 0x7f9dcfc00000
13 0x7f9dcfaa0000
 0 0x7f9dcfa00000
19 0x7f9dcfb60000
23 0x7f9dcfbe0000
 5 0x7f9dcfa05000
 0:
87; 89; 89; 86; 86; 90; 88; 88; 87; 89; 87; 87; 89; 89; 88; 87; 87; 88; 88; 87; 89; 86; 89; 88; 87; 89; 89; 89; 88; 87; 88; 86; 88; 90; 89; 90; 91; 89; 89; 88; 87; 89; 89; 86; 87; 89; 89; 89; 87; 89; 89; 87; 87; 89; 89; 90; 89; 89; 87; 91; 88; 87; 86; 87; 89; 89; 89; 89; 87; 89; 89; 90; 89; 87; 89; 87; 87; 90; 87; 89; 89; 87; 88; 87; 85; 89; 87; 89; 90; 88; 90; 89; 86; 89; 87; 89; 88; 90; 89; 88; 
median 89 high 91 low 85


 1:
100; 98; 98; 99; 98; 101; 99; 100; 101; 100; 99; 99; 101; 101; 99; 99; 101; 100; 97; 98; 100; 101; 100; 101; 102; 100; 98; 99; 100; 100; 100; 99; 100; 101; 100; 99; 99; 99; 99; 100; 99; 101; 100; 98; 100; 101; 102; 101; 100; 100; 102; 99; 98; 99; 99; 98; 99; 99; 100; 99; 99; 100; 101; 100; 100; 102; 99; 98; 100; 102; 98; 100; 99; 100; 100; 99; 101; 99; 101; 99; 100; 99; 100; 98; 99; 100; 98; 97; 99; 100; 102; 98; 97; 100; 98; 100; 99; 102; 100; 101; 
median 100 high 102 low 97


 2:
100; 99; 97; 100; 101; 100; 100; 99; 100; 100; 98; 101; 97; 100; 100; 101; 102; 98; 101; 100; 100; 100; 100; 100; 102; 98; 101; 98; 101; 99; 99; 99; 100; 100; 102; 99; 99; 100; 98; 99; 101; 99; 100; 100; 98; 101; 102; 98; 100; 100; 101; 99; 100; 99; 101; 101; 98; 101; 102; 100; 99; 100; 100; 98; 100; 98; 101; 97; 99; 100; 101; 100; 100; 100; 100; 100; 99; 99; 100; 98; 98; 99; 100; 98; 100; 100; 100; 100; 102; 100; 102; 100; 99; 97; 102; 99; 100; 97; 101; 99; 
median 100 high 102 low 97


 3:
101; 99; 98; 100; 97; 101; 100; 99; 98; 99; 100; 98; 100; 100; 100; 100; 102; 100; 99; 100; 98; 99; 100; 100; 98; 102; 101; 101; 100; 99; 100; 101; 99; 100; 97; 99; 100; 100; 98; 97; 100; 99; 100; 98; 97; 99; 99; 100; 100; 99; 101; 98; 101; 100; 100; 99; 102; 101; 99; 100; 104; 98; 101; 100; 99; 99; 98; 100; 100; 101; 101; 100; 99; 97; 100; 101; 100; 98; 99; 100; 97; 101; 99; 100; 99; 102; 98; 98; 99; 97; 99; 99; 102; 99; 98; 100; 101; 98; 99; 98; 
median 100 high 104 low 97


 4:
99; 100; 101; 99; 102; 102; 101; 101; 98; 101; 102; 99; 100; 100; 99; 99; 98; 102; 99; 99; 100; 99; 100; 98; 99; 99; 100; 98; 101; 102; 99; 99; 100; 102; 100; 99; 99; 100; 101; 99; 102; 101; 100; 99; 102; 102; 99; 99; 100; 97; 100; 100; 99; 102; 100; 100; 100; 102; 100; 99; 99; 100; 99; 99; 99; 101; 100; 99; 98; 99; 98; 99; 100; 99; 99; 98; 98; 101; 99; 100; 100; 101; 100; 101; 98; 100; 98; 99; 99; 101; 99; 99; 99; 100; 98; 98; 99; 100; 100; 99; 
median 99 high 102 low 97


 5:
89; 89; 87; 87; 89; 85; 89; 88; 88; 89; 88; 89; 87; 87; 89; 88; 88; 89; 88; 88; 89; 90; 87; 87; 87; 88; 87; 87; 88; 85; 89; 89; 89; 89; 87; 88; 89; 87; 89; 89; 87; 89; 90; 87; 89; 89; 89; 88; 88; 87; 87; 87; 89; 87; 87; 87; 90; 88; 89; 87; 90; 89; 90; 89; 89; 89; 88; 88; 87; 89; 90; 87; 88; 89; 89; 86; 86; 88; 89; 86; 90; 89; 87; 89; 89; 89; 88; 89; 90; 89; 87; 88; 87; 87; 86; 87; 87; 88; 88; 90; 
median 88 high 90 low 85


 6:
97; 99; 98; 101; 100; 99; 100; 99; 100; 98; 100; 101; 100; 100; 99; 99; 98; 99; 100; 102; 98; 99; 100; 101; 98; 99; 98; 100; 100; 100; 97; 97; 100; 100; 97; 101; 100; 99; 100; 98; 99; 100; 99; 100; 99; 98; 98; 101; 99; 100; 97; 101; 100; 99; 100; 100; 100; 98; 102; 99; 100; 98; 100; 99; 100; 100; 100; 98; 99; 99; 98; 99; 98; 99; 98; 100; 97; 98; 100; 98; 102; 99; 100; 100; 100; 99; 98; 99; 99; 100; 99; 100; 100; 101; 100; 101; 99; 100; 101; 97; 
median 99 high 102 low 97


 7:
99; 99; 102; 101; 100; 100; 100; 102; 99; 100; 99; 98; 99; 99; 99; 99; 101; 99; 98; 100; 102; 98; 100; 100; 101; 100; 100; 97; 99; 102; 100; 101; 99; 100; 101; 99; 100; 98; 101; 98; 99; 99; 101; 98; 100; 99; 99; 100; 99; 98; 100; 100; 97; 100; 97; 100; 101; 98; 100; 99; 100; 101; 100; 98; 101; 100; 100; 99; 101; 97; 101; 99; 101; 100; 102; 100; 101; 100; 100; 101; 100; 100; 100; 100; 101; 98; 98; 97; 100; 97; 100; 100; 98; 102; 99; 100; 101; 100; 101; 97; 
median 100 high 102 low 97


 8:
100; 101; 101; 100; 102; 101; 99; 101; 102; 99; 99; 100; 99; 100; 99; 98; 100; 99; 100; 101; 97; 101; 98; 97; 99; 100; 102; 98; 99; 100; 98; 100; 101; 101; 100; 101; 102; 99; 100; 100; 100; 101; 100; 99; 99; 98; 102; 101; 98; 98; 98; 102; 99; 100; 100; 102; 100; 98; 100; 101; 100; 99; 99; 100; 98; 100; 100; 99; 101; 99; 100; 99; 101; 100; 98; 100; 97; 100; 99; 100; 100; 98; 98; 100; 98; 101; 100; 102; 99; 100; 97; 101; 101; 100; 101; 99; 101; 99; 101; 101; 
median 100 high 102 low 97


 9:
90; 87; 87; 88; 86; 88; 87; 89; 89; 86; 87; 90; 89; 88; 90; 89; 89; 87; 87; 89; 88; 89; 87; 89; 87; 89; 89; 88; 87; 89; 88; 90; 87; 91; 89; 87; 89; 88; 89; 88; 86; 87; 90; 88; 89; 89; 89; 87; 89; 87; 86; 86; 87; 89; 89; 90; 88; 86; 88; 88; 89; 90; 89; 90; 89; 87; 89; 91; 87; 89; 88; 89; 91; 89; 88; 87; 87; 87; 87; 88; 89; 89; 88; 85; 87; 89; 87; 88; 90; 87; 89; 89; 87; 89; 89; 87; 89; 88; 89; 88; 
median 88 high 91 low 85


10:
99; 101; 100; 98; 98; 101; 98; 101; 100; 102; 100; 100; 98; 100; 102; 101; 102; 101; 97; 100; 98; 100; 99; 101; 128; 99; 99; 99; 99; 100; 99; 102; 99; 101; 100; 99; 101; 99; 99; 99; 100; 100; 99; 100; 99; 99; 128; 98; 99; 101; 102; 100; 98; 100; 99; 97; 100; 100; 98; 97; 126; 100; 128; 98; 97; 100; 100; 128; 100; 102; 98; 102; 98; 130; 101; 100; 100; 100; 100; 130; 100; 130; 100; 99; 100; 100; 99; 99; 99; 101; 100; 102; 99; 100; 101; 100; 128; 102; 102; 99; 
median 100 high 130 low 97


11:
99; 99; 101; 100; 99; 98; 100; 99; 101; 98; 101; 99; 100; 100; 102; 101; 99; 98; 101; 99; 100; 97; 100; 99; 102; 101; 100; 98; 100; 100; 100; 101; 100; 99; 100; 99; 98; 100; 102; 98; 100; 97; 99; 100; 99; 97; 99; 101; 99; 99; 99; 100; 101; 98; 100; 100; 100; 98; 100; 98; 98; 101; 101; 97; 99; 98; 101; 100; 100; 100; 101; 101; 99; 100; 99; 100; 98; 100; 98; 99; 99; 100; 98; 98; 101; 101; 99; 97; 102; 100; 101; 99; 99; 98; 101; 98; 101; 98; 99; 100; 
median 100 high 102 low 97


12:
100; 102; 99; 100; 97; 97; 101; 102; 100; 99; 98; 101; 99; 100; 99; 101; 98; 99; 100; 100; 99; 100; 97; 100; 100; 101; 99; 100; 99; 101; 101; 100; 100; 100; 100; 99; 101; 100; 98; 101; 99; 101; 100; 101; 100; 101; 100; 99; 100; 98; 101; 100; 102; 99; 102; 100; 98; 98; 100; 100; 100; 100; 101; 102; 99; 99; 100; 101; 100; 102; 99; 101; 100; 100; 100; 102; 100; 100; 101; 101; 100; 98; 99; 101; 99; 100; 99; 100; 101; 97; 99; 102; 100; 101; 101; 99; 99; 100; 100; 100; 
median 100 high 102 low 97


13:
90; 87; 89; 89; 88; 87; 90; 88; 88; 86; 90; 89; 87; 87; 87; 90; 89; 86; 87; 88; 89; 87; 89; 88; 86; 88; 89; 89; 88; 90; 89; 87; 87; 89; 87; 89; 85; 87; 87; 89; 89; 86; 90; 89; 89; 90; 87; 88; 89; 89; 87; 87; 86; 86; 89; 87; 86; 88; 89; 87; 87; 89; 87; 89; 89; 88; 89; 89; 89; 85; 87; 89; 89; 89; 87; 87; 89; 87; 88; 90; 89; 85; 87; 89; 87; 88; 87; 89; 88; 89; 87; 87; 88; 89; 85; 87; 87; 91; 86; 90; 
median 88 high 91 low 85


14:
89; 86; 90; 89; 89; 88; 89; 87; 85; 89; 87; 88; 88; 88; 90; 86; 89; 89; 87; 87; 88; 89; 87; 87; 85; 89; 88; 87; 89; 88; 88; 89; 89; 88; 88; 100; 87; 89; 88; 87; 88; 89; 89; 86; 89; 90; 89; 89; 87; 89; 88; 89; 89; 90; 87; 89; 86; 90; 87; 88; 90; 89; 87; 88; 89; 87; 89; 87; 87; 87; 89; 86; 89; 90; 89; 88; 87; 85; 89; 89; 88; 89; 88; 88; 90; 88; 87; 89; 89; 90; 88; 89; 89; 89; 89; 88; 89; 88; 87; 87; 
median 88 high 100 low 85


15:
100; 96; 99; 98; 101; 97; 99; 102; 100; 100; 97; 101; 99; 100; 100; 100; 102; 101; 99; 102; 100; 99; 102; 101; 100; 98; 100; 99; 100; 97; 100; 101; 101; 99; 98; 100; 99; 98; 99; 102; 101; 102; 101; 97; 98; 101; 99; 101; 98; 101; 100; 99; 98; 100; 99; 100; 100; 100; 102; 100; 99; 100; 98; 100; 99; 100; 100; 100; 100; 102; 99; 97; 98; 99; 100; 100; 100; 101; 98; 99; 98; 101; 99; 100; 99; 101; 100; 101; 99; 99; 101; 102; 99; 99; 98; 97; 100; 100; 98; 102; 
median 100 high 102 low 96


16:
100; 102; 97; 100; 102; 101; 100; 101; 101; 99; 99; 99; 99; 99; 100; 98; 100; 102; 98; 99; 100; 99; 100; 98; 100; 100; 100; 99; 98; 100; 101; 98; 100; 101; 100; 100; 100; 101; 100; 102; 97; 99; 99; 99; 102; 101; 98; 98; 100; 98; 100; 99; 102; 102; 98; 100; 99; 100; 101; 98; 102; 100; 99; 99; 97; 98; 100; 99; 101; 98; 99; 100; 101; 99; 100; 99; 100; 100; 100; 99; 99; 100; 100; 100; 102; 97; 100; 101; 101; 97; 97; 98; 99; 97; 99; 97; 100; 99; 99; 99; 
median 100 high 102 low 97


17:
100; 101; 99; 137; 99; 99; 136; 98; 99; 101; 101; 98; 136; 100; 100; 98; 97; 100; 137; 99; 99; 100; 136; 99; 98; 101; 100; 136; 101; 99; 99; 101; 100; 136; 101; 101; 136; 101; 101; 100; 99; 99; 136; 99; 98; 101; 98; 100; 136; 102; 99; 138; 100; 99; 99; 100; 99; 136; 99; 101; 98; 101; 100; 100; 101; 98; 100; 98; 98; 101; 99; 99; 99; 138; 100; 97; 100; 101; 138; 97; 97; 99; 100; 100; 136; 101; 98; 136; 99; 100; 99; 97; 100; 138; 99; 100; 101; 100; 101; 136; 
median 100 high 138 low 97


18:
98; 99; 100; 99; 100; 98; 101; 99; 100; 99; 99; 99; 100; 100; 99; 101; 99; 101; 99; 99; 99; 99; 99; 100; 132; 99; 99; 99; 98; 101; 102; 98; 99; 99; 102; 99; 98; 99; 100; 99; 100; 100; 99; 100; 100; 101; 102; 99; 100; 99; 100; 98; 98; 99; 100; 100; 98; 100; 101; 97; 130; 99; 99; 100; 98; 99; 100; 130; 100; 100; 100; 99; 99; 100; 100; 100; 99; 99; 100; 99; 99; 100; 99; 100; 100; 100; 99; 100; 99; 99; 100; 99; 100; 100; 98; 102; 130; 100; 100; 102; 
median 99 high 132 low 97


19:
87; 89; 90; 89; 87; 88; 88; 89; 88; 89; 88; 88; 86; 88; 89; 89; 87; 89; 89; 87; 87; 87; 89; 89; 87; 88; 87; 89; 90; 89; 89; 91; 88; 89; 88; 89; 89; 90; 87; 88; 87; 89; 89; 85; 89; 90; 86; 88; 88; 89; 86; 89; 89; 89; 87; 89; 88; 89; 90; 89; 87; 89; 87; 89; 87; 89; 88; 88; 87; 91; 88; 88; 87; 88; 90; 90; 87; 87; 89; 89; 87; 87; 89; 89; 87; 87; 89; 89; 87; 89; 90; 88; 88; 89; 89; 86; 87; 90; 90; 87; 
median 88 high 91 low 85


20:
99; 98; 100; 99; 99; 100; 98; 101; 101; 101; 98; 99; 100; 100; 99; 98; 100; 99; 101; 98; 100; 98; 99; 99; 100; 101; 99; 99; 100; 100; 100; 99; 101; 100; 100; 97; 100; 98; 100; 98; 102; 97; 99; 100; 101; 98; 98; 99; 102; 99; 99; 100; 100; 100; 98; 100; 100; 100; 97; 99; 100; 100; 98; 98; 102; 99; 98; 100; 99; 101; 97; 100; 100; 99; 99; 99; 98; 100; 99; 99; 102; 101; 99; 99; 99; 99; 101; 99; 102; 99; 98; 100; 100; 99; 97; 102; 100; 99; 99; 97; 
median 99 high 102 low 97


21:
99; 101; 100; 98; 99; 100; 98; 99; 100; 99; 100; 101; 99; 102; 97; 99; 100; 100; 101; 99; 99; 100; 98; 98; 100; 100; 97; 97; 99; 100; 99; 100; 100; 98; 97; 99; 99; 102; 99; 99; 100; 100; 100; 100; 99; 101; 99; 100; 100; 102; 100; 100; 100; 101; 101; 102; 102; 100; 99; 100; 100; 97; 100; 99; 97; 101; 101; 100; 99; 100; 100; 98; 101; 100; 101; 101; 100; 100; 99; 98; 98; 99; 101; 100; 96; 102; 99; 99; 99; 101; 97; 100; 99; 98; 97; 100; 100; 102; 98; 99; 
median 100 high 102 low 96


22:
317; 315; 130; 317; 130; 98; 319; 130; 100; 319; 325; 128; 319; 99; 319; 130; 319; 130; 321; 130; 100; 321; 319; 319; 130; 319; 130; 98; 100; 98; 319; 130; 99; 99; 101; 317; 130; 100; 99; 100; 99; 99; 319; 99; 315; 130; 101; 98; 319; 100; 319; 97; 321; 130; 97; 100; 319; 100; 100; 97; 319; 319; 319; 130; 98; 100; 99; 100; 319; 319; 132; 319; 101; 315; 319; 317; 130; 99; 101; 100; 99; 321; 321; 130; 319; 130; 319; 319; 321; 130; 319; 128; 102; 98; 101; 130; 319; 130; 101; 102; 
median 130 high 325 low 97


23:
85; 87; 87; 87; 88; 87; 88; 87; 87; 88; 88; 89; 88; 89; 88; 89; 89; 88; 87; 87; 87; 89; 89; 89; 89; 90; 89; 87; 85; 88; 89; 88; 88; 89; 88; 87; 88; 90; 88; 89; 85; 89; 85; 90; 86; 88; 88; 89; 88; 87; 89; 88; 87; 89; 90; 86; 87; 89; 85; 86; 87; 89; 87; 89; 89; 87; 90; 89; 88; 89; 87; 89; 86; 89; 88; 89; 91; 89; 88; 91; 88; 87; 88; 87; 87; 88; 89; 89; 88; 89; 88; 89; 88; 89; 88; 89; 89; 89; 87; 87; 
median 88 high 91 low 85


24:
89; 87; 90; 88; 90; 87; 90; 89; 88; 89; 88; 87; 87; 87; 89; 88; 88; 89; 89; 89; 86; 88; 90; 89; 89; 87; 90; 89; 89; 88; 87; 89; 87; 86; 89; 90; 89; 88; 88; 88; 87; 88; 89; 88; 87; 88; 89; 88; 90; 89; 89; 87; 90; 87; 89; 90; 88; 86; 86; 89; 88; 90; 89; 87; 86; 89; 89; 87; 89; 86; 89; 88; 88; 87; 87; 87; 89; 88; 88; 89; 87; 85; 89; 89; 90; 89; 88; 89; 89; 87; 89; 88; 88; 87; 89; 90; 88; 86; 87; 87; 
median 88 high 90 low 85


