

     CUnit - A unit testing framework for C - Version 2.1-3
     http://cunit.sourceforge.net/



Run Summary:    Type  Total    Ran Passed Failed Inactive
              suites      1      1    n/a      0        0
               tests      0      0      0      0        0
             asserts      0      0      0      0      n/a

Elapsed time =    0.000 seconds
[!] target 0x7f014f500000
highest val 0x7f014e800000
lowest val 0x7f014e600000
[+] printing adrs of list:
[1] 0x7f014e800000 0x7f014e7e0000
[2] 0x7f014e7e0000 0x7f014e7c0000
[3] 0x7f014e7c0000 0x7f014e7a0000
[4] 0x7f014e7a0000 0x7f014e780000
[5] 0x7f014e780000 0x7f014e760000
[6] 0x7f014e760000 0x7f014e740000
[7] 0x7f014e740000 0x7f014e720000
[8] 0x7f014e720000 0x7f014e700000
[9] 0x7f014e700000 0x7f014e6e0000
[10] 0x7f014e6e0000 0x7f014e6c0000
[11] 0x7f014e6c0000 0x7f014e6a0000
[12] 0x7f014e6a0000 0x7f014e680000
[13] 0x7f014e680000 0x7f014e660000
[14] 0x7f014e660000 0x7f014e640000
[15] 0x7f014e640000 0x7f014e620000
[16] 0x7f014e620000 0x7f014e608000
[17] 0x7f014e608000 0x7f014e607000
[18] 0x7f014e607000 0x7f014e606000
[19] 0x7f014e606000 0x7f014e605000
[20] 0x7f014e605000 0x7f014e604000
[21] 0x7f014e604000 0x7f014e603000
[22] 0x7f014e603000 0x7f014e602000
[23] 0x7f014e602000 0x7f014e601000
[24] 0x7f014e601000 0x7f014e600000
[25] 0x7f014e600000 (nil)
 2 0x7f014e602000
16 0x7f014e700000
 6 0x7f014e606000
15 0x7f014e6e0000
20 0x7f014e780000
18 0x7f014e740000
 5 0x7f014e605000
 1 0x7f014e601000
 4 0x7f014e604000
 9 0x7f014e620000
24 0x7f014e800000
 8 0x7f014e608000
12 0x7f014e680000
21 0x7f014e7a0000
 0 0x7f014e600000
23 0x7f014e7e0000
13 0x7f014e6a0000
22 0x7f014e7c0000
17 0x7f014e720000
19 0x7f014e760000
14 0x7f014e6c0000
11 0x7f014e660000
 3 0x7f014e603000
10 0x7f014e640000
 7 0x7f014e607000
 0:
99; 98; 99; 99; 99; 97; 100; 99; 101; 102; 100; 101; 100; 99; 100; 101; 97; 102; 100; 99; 99; 99; 98; 98; 99; 99; 102; 98; 100; 100; 102; 99; 101; 101; 102; 100; 99; 99; 100; 99; 100; 99; 100; 101; 99; 100; 97; 101; 102; 99; 101; 97; 100; 98; 99; 100; 99; 100; 101; 101; 98; 99; 100; 99; 98; 99; 97; 102; 100; 97; 100; 99; 100; 99; 102; 101; 99; 98; 102; 101; 100; 100; 102; 101; 99; 100; 101; 100; 98; 100; 97; 100; 99; 100; 97; 99; 101; 100; 99; 101; 
median 100 high 102 low 97


 1:
101; 99; 98; 101; 99; 101; 98; 99; 98; 97; 102; 100; 99; 100; 99; 98; 100; 101; 101; 100; 100; 99; 98; 101; 98; 99; 98; 99; 102; 100; 100; 99; 98; 101; 100; 97; 101; 97; 100; 99; 100; 99; 98; 98; 99; 101; 98; 101; 99; 101; 100; 97; 98; 100; 99; 99; 98; 98; 97; 98; 99; 101; 100; 100; 99; 98; 97; 100; 100; 101; 98; 98; 98; 102; 100; 99; 99; 102; 100; 98; 99; 99; 99; 100; 99; 102; 99; 100; 102; 101; 100; 101; 99; 101; 99; 100; 99; 100; 98; 102; 
median 99 high 102 low 97


 2:
100; 99; 102; 100; 101; 99; 99; 101; 99; 98; 102; 97; 99; 99; 101; 100; 100; 101; 99; 97; 100; 99; 99; 101; 100; 101; 97; 99; 98; 98; 101; 100; 97; 101; 100; 97; 98; 99; 99; 98; 99; 100; 102; 100; 101; 97; 102; 99; 99; 102; 101; 100; 100; 97; 99; 98; 99; 98; 102; 100; 101; 98; 100; 100; 99; 100; 101; 101; 100; 101; 101; 100; 98; 97; 101; 99; 99; 99; 100; 99; 99; 100; 99; 100; 101; 100; 101; 101; 99; 100; 102; 100; 99; 100; 100; 100; 97; 98; 99; 98; 
median 100 high 102 low 97


 3:
87; 88; 89; 89; 89; 89; 87; 89; 89; 85; 87; 90; 87; 87; 87; 87; 87; 89; 89; 89; 88; 87; 89; 89; 87; 88; 89; 90; 87; 89; 87; 89; 87; 88; 85; 86; 90; 89; 87; 88; 89; 89; 88; 87; 88; 89; 89; 87; 89; 87; 86; 87; 89; 89; 89; 87; 87; 88; 90; 87; 90; 89; 88; 90; 89; 87; 87; 87; 90; 87; 87; 86; 88; 89; 90; 87; 88; 89; 85; 88; 89; 87; 88; 86; 89; 89; 87; 88; 90; 87; 88; 89; 88; 89; 89; 86; 89; 90; 88; 88; 
median 88 high 90 low 85


 4:
97; 99; 101; 100; 98; 100; 98; 101; 100; 101; 99; 100; 99; 99; 99; 99; 97; 99; 98; 98; 100; 97; 99; 101; 98; 99; 98; 100; 101; 100; 98; 99; 99; 99; 97; 101; 100; 100; 98; 100; 99; 100; 98; 101; 100; 100; 99; 101; 99; 100; 98; 101; 98; 99; 99; 100; 100; 99; 100; 100; 99; 100; 100; 99; 98; 101; 99; 99; 100; 100; 98; 98; 100; 99; 100; 102; 102; 99; 98; 101; 99; 98; 100; 102; 99; 98; 100; 99; 98; 101; 99; 102; 99; 99; 100; 100; 99; 100; 100; 100; 
median 99 high 102 low 97


 5:
101; 98; 102; 99; 100; 98; 97; 100; 99; 97; 99; 97; 98; 98; 100; 100; 100; 100; 98; 98; 100; 99; 100; 99; 100; 99; 101; 98; 100; 98; 98; 98; 101; 101; 99; 101; 100; 100; 98; 98; 102; 101; 99; 100; 100; 98; 99; 100; 100; 101; 99; 100; 98; 99; 98; 98; 100; 100; 100; 102; 101; 100; 100; 98; 101; 98; 99; 99; 100; 99; 100; 100; 98; 101; 99; 98; 100; 99; 99; 97; 98; 97; 99; 99; 102; 99; 100; 97; 100; 97; 98; 99; 100; 100; 98; 100; 99; 99; 97; 101; 
median 99 high 102 low 97


 6:
102; 100; 99; 99; 100; 101; 100; 100; 100; 99; 99; 100; 101; 99; 100; 99; 97; 100; 99; 99; 100; 101; 101; 99; 100; 100; 99; 99; 98; 100; 100; 100; 99; 100; 100; 98; 99; 101; 98; 100; 99; 100; 98; 100; 101; 101; 98; 101; 100; 100; 101; 100; 97; 98; 99; 102; 102; 101; 98; 100; 99; 98; 100; 98; 98; 102; 98; 99; 100; 101; 100; 101; 99; 101; 100; 98; 100; 101; 99; 102; 100; 102; 99; 101; 100; 99; 98; 99; 100; 100; 98; 98; 100; 99; 98; 102; 100; 101; 99; 101; 
median 100 high 102 low 97


 7:
89; 87; 88; 88; 87; 86; 89; 86; 89; 85; 89; 87; 88; 87; 89; 89; 87; 87; 87; 88; 86; 89; 89; 88; 89; 89; 88; 88; 89; 90; 85; 88; 89; 87; 88; 87; 88; 89; 89; 89; 88; 87; 89; 89; 86; 87; 86; 88; 86; 90; 90; 87; 89; 90; 88; 88; 90; 89; 87; 87; 88; 89; 87; 88; 88; 87; 89; 89; 88; 86; 89; 87; 89; 88; 88; 89; 89; 89; 87; 89; 89; 87; 89; 89; 89; 89; 90; 89; 89; 87; 88; 89; 89; 87; 89; 88; 87; 88; 89; 89; 
median 88 high 90 low 85


 8:
100; 101; 101; 99; 101; 101; 99; 100; 99; 102; 100; 100; 99; 100; 98; 99; 97; 98; 99; 101; 99; 100; 100; 101; 99; 102; 99; 100; 100; 100; 101; 101; 99; 102; 99; 99; 99; 101; 98; 101; 97; 100; 99; 98; 100; 101; 99; 98; 98; 100; 98; 98; 99; 99; 102; 99; 98; 98; 99; 99; 101; 99; 100; 101; 101; 98; 101; 102; 99; 100; 101; 98; 99; 100; 99; 99; 98; 102; 102; 99; 100; 98; 99; 99; 100; 100; 100; 100; 101; 99; 100; 100; 98; 100; 99; 101; 98; 101; 99; 100; 
median 100 high 102 low 97


 9:
101; 100; 100; 99; 99; 99; 101; 101; 99; 101; 100; 101; 97; 101; 102; 100; 100; 98; 98; 99; 99; 100; 98; 99; 97; 101; 101; 98; 99; 99; 98; 100; 100; 98; 100; 100; 97; 98; 100; 97; 98; 99; 102; 101; 98; 98; 99; 101; 99; 99; 98; 102; 99; 101; 99; 102; 98; 98; 100; 101; 98; 98; 100; 101; 98; 100; 98; 100; 100; 100; 99; 100; 101; 98; 99; 101; 102; 100; 97; 101; 100; 100; 99; 99; 100; 99; 98; 101; 99; 101; 99; 102; 100; 101; 98; 101; 99; 100; 100; 99; 
median 100 high 102 low 97


10:
89; 88; 89; 89; 89; 87; 90; 87; 88; 89; 87; 89; 87; 87; 89; 88; 89; 89; 86; 89; 89; 89; 89; 87; 89; 88; 89; 89; 87; 88; 89; 88; 89; 87; 87; 85; 90; 89; 88; 88; 90; 88; 89; 89; 86; 86; 88; 89; 87; 85; 87; 85; 89; 86; 89; 89; 86; 86; 89; 87; 89; 87; 89; 86; 89; 88; 87; 89; 89; 87; 88; 89; 89; 86; 90; 87; 89; 86; 89; 88; 87; 89; 88; 89; 89; 87; 88; 89; 89; 87; 90; 87; 88; 87; 90; 89; 89; 87; 87; 89; 
median 88 high 90 low 85


11:
89; 89; 87; 86; 87; 89; 88; 87; 89; 88; 89; 89; 89; 88; 88; 89; 87; 89; 85; 88; 88; 89; 89; 87; 87; 89; 87; 87; 87; 88; 87; 89; 88; 89; 87; 87; 86; 87; 86; 87; 88; 89; 88; 87; 88; 89; 89; 87; 90; 89; 87; 86; 87; 87; 87; 89; 91; 87; 88; 88; 89; 90; 87; 89; 87; 90; 86; 89; 88; 89; 89; 86; 86; 88; 86; 89; 88; 88; 87; 90; 90; 89; 89; 89; 89; 87; 87; 87; 89; 88; 87; 90; 89; 89; 88; 88; 89; 89; 89; 87; 
median 88 high 91 low 85


12:
98; 100; 100; 99; 100; 100; 101; 98; 99; 101; 101; 100; 100; 98; 99; 99; 100; 100; 98; 98; 100; 99; 100; 102; 98; 99; 101; 99; 101; 99; 101; 100; 100; 99; 99; 97; 99; 100; 98; 99; 100; 98; 100; 98; 99; 98; 100; 100; 99; 98; 102; 98; 101; 102; 100; 100; 99; 99; 99; 100; 102; 99; 97; 100; 97; 97; 101; 99; 99; 99; 101; 101; 98; 100; 100; 100; 101; 100; 101; 99; 100; 101; 100; 99; 99; 98; 99; 99; 100; 98; 99; 99; 98; 100; 100; 97; 99; 99; 100; 97; 
median 99 high 102 low 97


13:
99; 100; 97; 101; 101; 99; 100; 100; 100; 101; 98; 99; 102; 100; 102; 101; 97; 99; 99; 102; 98; 97; 100; 101; 97; 98; 100; 99; 101; 100; 99; 100; 98; 98; 99; 101; 98; 99; 100; 101; 101; 101; 99; 101; 99; 100; 99; 98; 100; 99; 101; 98; 99; 100; 101; 101; 100; 97; 100; 100; 97; 99; 100; 101; 100; 99; 100; 99; 101; 97; 100; 101; 99; 101; 101; 99; 100; 99; 100; 98; 98; 100; 101; 100; 101; 99; 101; 99; 97; 99; 99; 99; 99; 100; 101; 99; 99; 97; 102; 100; 
median 100 high 102 low 97


14:
87; 88; 89; 89; 86; 88; 89; 88; 86; 88; 89; 89; 87; 89; 88; 88; 85; 90; 89; 89; 88; 87; 87; 89; 88; 88; 89; 88; 87; 87; 89; 90; 87; 89; 89; 87; 88; 89; 89; 89; 88; 91; 88; 89; 88; 89; 89; 87; 89; 89; 88; 88; 86; 87; 88; 89; 86; 89; 89; 89; 86; 89; 89; 87; 87; 85; 88; 89; 87; 89; 88; 85; 87; 88; 89; 89; 87; 89; 88; 89; 88; 89; 90; 87; 89; 89; 89; 89; 87; 88; 87; 87; 88; 89; 89; 86; 88; 87; 89; 90; 
median 88 high 91 low 85


15:
98; 99; 101; 100; 100; 99; 100; 100; 98; 97; 102; 100; 99; 100; 99; 100; 99; 100; 99; 100; 101; 101; 98; 101; 98; 99; 100; 100; 102; 100; 99; 101; 100; 100; 100; 100; 99; 99; 99; 97; 98; 99; 102; 98; 99; 100; 100; 98; 98; 101; 99; 98; 100; 98; 100; 100; 99; 98; 100; 100; 98; 100; 100; 99; 98; 101; 102; 98; 101; 101; 102; 100; 98; 99; 102; 99; 100; 100; 99; 102; 101; 98; 100; 100; 99; 100; 100; 100; 101; 100; 99; 99; 98; 100; 99; 99; 99; 102; 97; 99; 
median 100 high 102 low 97


16:
146; 142; 144; 145; 144; 144; 144; 143; 144; 144; 144; 144; 144; 140; 142; 144; 146; 142; 142; 143; 145; 146; 142; 146; 147; 144; 143; 144; 142; 143; 144; 143; 146; 141; 142; 142; 146; 144; 145; 144; 144; 142; 144; 142; 144; 145; 144; 144; 144; 142; 144; 144; 144; 142; 144; 146; 144; 144; 144; 144; 144; 140; 146; 145; 144; 144; 142; 147; 144; 141; 140; 144; 142; 143; 146; 145; 144; 146; 144; 144; 144; 144; 140; 142; 144; 142; 142; 143; 144; 142; 144; 144; 142; 145; 144; 144; 144; 142; 144; 144; 
median 144 high 147 low 140


17:
89; 87; 89; 88; 89; 88; 87; 89; 88; 89; 89; 90; 89; 87; 89; 87; 88; 87; 87; 87; 89; 87; 89; 88; 90; 89; 90; 89; 88; 89; 87; 89; 89; 88; 87; 89; 89; 87; 89; 89; 85; 87; 90; 89; 88; 89; 88; 89; 88; 87; 89; 89; 87; 88; 88; 89; 88; 88; 87; 87; 87; 86; 90; 87; 87; 88; 86; 87; 89; 87; 89; 89; 89; 86; 89; 89; 88; 88; 87; 85; 88; 87; 90; 89; 88; 87; 88; 88; 89; 86; 89; 87; 87; 88; 88; 89; 85; 87; 89; 89; 
median 88 high 90 low 85


18:
99; 100; 98; 98; 101; 99; 100; 100; 97; 100; 99; 99; 99; 101; 98; 99; 99; 97; 99; 98; 99; 99; 100; 99; 101; 101; 100; 99; 97; 100; 98; 100; 97; 101; 100; 100; 97; 102; 99; 98; 101; 100; 100; 100; 100; 99; 100; 102; 100; 100; 100; 101; 98; 102; 101; 99; 98; 101; 100; 99; 98; 98; 98; 100; 100; 101; 99; 99; 99; 99; 101; 99; 99; 100; 100; 99; 100; 100; 99; 98; 99; 97; 100; 99; 102; 100; 102; 100; 99; 99; 102; 102; 98; 100; 99; 98; 100; 101; 98; 99; 
median 99 high 102 low 97


19:
87; 87; 88; 88; 87; 89; 88; 91; 88; 89; 90; 85; 89; 86; 89; 88; 87; 89; 88; 89; 89; 88; 87; 87; 88; 89; 89; 88; 87; 88; 88; 87; 87; 90; 89; 88; 89; 87; 88; 87; 86; 89; 89; 87; 87; 88; 89; 87; 87; 87; 87; 86; 89; 87; 89; 88; 89; 89; 85; 86; 89; 88; 87; 87; 88; 88; 89; 89; 86; 89; 89; 87; 87; 90; 86; 88; 89; 89; 88; 87; 87; 87; 89; 88; 86; 89; 89; 88; 89; 89; 89; 89; 87; 88; 89; 87; 86; 86; 87; 90; 
median 88 high 91 low 85


20:
98; 99; 99; 98; 98; 99; 100; 101; 102; 98; 98; 101; 100; 99; 102; 99; 100; 101; 100; 99; 99; 100; 101; 99; 99; 98; 98; 101; 100; 99; 101; 98; 100; 100; 100; 99; 98; 100; 101; 99; 100; 102; 98; 99; 100; 99; 100; 99; 102; 98; 98; 99; 97; 99; 99; 101; 100; 99; 99; 98; 100; 99; 100; 99; 101; 99; 101; 99; 100; 99; 100; 98; 102; 101; 99; 102; 99; 100; 99; 99; 99; 98; 98; 100; 100; 101; 100; 97; 101; 100; 99; 99; 101; 97; 100; 99; 100; 99; 102; 99; 
median 99 high 102 low 97


21:
99; 101; 99; 98; 99; 99; 100; 100; 98; 99; 98; 99; 100; 98; 98; 96; 98; 102; 98; 98; 100; 101; 100; 100; 99; 100; 101; 99; 100; 100; 98; 98; 98; 100; 98; 100; 99; 100; 100; 100; 100; 101; 98; 100; 101; 99; 99; 99; 99; 98; 99; 101; 99; 99; 102; 100; 99; 100; 99; 100; 99; 103; 100; 98; 98; 99; 100; 100; 98; 101; 100; 100; 100; 101; 100; 100; 98; 101; 99; 99; 100; 100; 98; 100; 98; 99; 98; 100; 98; 102; 98; 99; 100; 100; 98; 101; 99; 101; 101; 100; 
median 99 high 103 low 96


22:
89; 89; 89; 87; 89; 88; 90; 87; 87; 87; 89; 87; 88; 89; 89; 89; 89; 87; 89; 88; 90; 89; 86; 89; 89; 89; 88; 89; 90; 88; 89; 89; 88; 89; 87; 85; 87; 90; 89; 87; 87; 87; 89; 88; 88; 90; 87; 88; 87; 89; 90; 87; 91; 88; 87; 87; 89; 89; 87; 89; 89; 87; 88; 89; 89; 89; 89; 86; 88; 89; 89; 87; 87; 86; 89; 88; 88; 89; 87; 88; 88; 87; 89; 89; 89; 85; 89; 86; 88; 89; 88; 87; 89; 88; 89; 88; 87; 88; 88; 89; 
median 88 high 91 low 85


23:
100; 100; 97; 97; 98; 99; 97; 99; 98; 100; 102; 102; 99; 100; 98; 99; 100; 99; 99; 100; 100; 100; 100; 101; 101; 100; 101; 101; 101; 99; 100; 100; 98; 100; 100; 100; 101; 100; 98; 100; 100; 101; 101; 99; 98; 98; 99; 100; 99; 101; 102; 100; 98; 98; 100; 101; 101; 98; 99; 100; 101; 101; 99; 99; 99; 98; 101; 100; 100; 101; 100; 99; 98; 99; 100; 101; 99; 98; 99; 100; 98; 97; 100; 100; 99; 101; 100; 101; 100; 98; 97; 101; 99; 100; 98; 102; 99; 98; 99; 100; 
median 100 high 102 low 97


24:
101; 99; 99; 98; 102; 102; 100; 100; 97; 101; 98; 99; 98; 100; 99; 99; 101; 98; 101; 97; 98; 100; 100; 99; 98; 98; 100; 99; 100; 100; 100; 98; 99; 100; 98; 100; 101; 98; 101; 98; 100; 100; 99; 100; 101; 99; 98; 98; 101; 100; 99; 98; 97; 99; 99; 99; 101; 99; 99; 101; 99; 99; 101; 101; 98; 100; 100; 101; 100; 97; 99; 100; 98; 98; 100; 99; 100; 97; 98; 99; 101; 99; 100; 98; 99; 101; 100; 99; 101; 101; 98; 100; 100; 100; 97; 97; 102; 101; 98; 102; 
median 99 high 102 low 97


