[!] target 0x7f7af9f00000
highest val 0x7f7af9200000
lowest val 0x7f7af9000000
[+] printing adrs of list:
[1] 0x7f7af9200000 0x7f7af91e0000
[2] 0x7f7af91e0000 0x7f7af91c0000
[3] 0x7f7af91c0000 0x7f7af91a0000
[4] 0x7f7af91a0000 0x7f7af9180000
[5] 0x7f7af9180000 0x7f7af9160000
[6] 0x7f7af9160000 0x7f7af9140000
[7] 0x7f7af9140000 0x7f7af9120000
[8] 0x7f7af9120000 0x7f7af9100000
[9] 0x7f7af9100000 0x7f7af90e0000
[10] 0x7f7af90e0000 0x7f7af90c0000
[11] 0x7f7af90c0000 0x7f7af90a0000
[12] 0x7f7af90a0000 0x7f7af9080000
[13] 0x7f7af9080000 0x7f7af9060000
[14] 0x7f7af9060000 0x7f7af9040000
[15] 0x7f7af9040000 0x7f7af9020000
[16] 0x7f7af9020000 0x7f7af9008000
[17] 0x7f7af9008000 0x7f7af9007000
[18] 0x7f7af9007000 0x7f7af9006000
[19] 0x7f7af9006000 0x7f7af9005000
[20] 0x7f7af9005000 0x7f7af9004000
[21] 0x7f7af9004000 0x7f7af9003000
[22] 0x7f7af9003000 0x7f7af9002000
[23] 0x7f7af9002000 0x7f7af9001000
[24] 0x7f7af9001000 0x7f7af9000000
[25] 0x7f7af9000000 (nil)
21 0x7f7af91a0000
22 0x7f7af91c0000
 6 0x7f7af9006000
10 0x7f7af9040000
23 0x7f7af91e0000
14 0x7f7af90c0000
16 0x7f7af9100000
20 0x7f7af9180000
 5 0x7f7af9005000
15 0x7f7af90e0000
 8 0x7f7af9008000
11 0x7f7af9060000
24 0x7f7af9200000
19 0x7f7af9160000
18 0x7f7af9140000
13 0x7f7af90a0000
17 0x7f7af9120000
 9 0x7f7af9020000
 2 0x7f7af9002000
 4 0x7f7af9004000
 1 0x7f7af9001000
 3 0x7f7af9003000
 0 0x7f7af9000000
12 0x7f7af9080000
 7 0x7f7af9007000
 0:
87; 85; 86; 87; 86; 88; 87; 88; 86; 87; 90; 87; 87; 88; 88; 85; 86; 87; 89; 87; 87; 89; 89; 87; 87; 88; 87; 89; 89; 87; 89; 88; 88; 89; 88; 87; 90; 89; 87; 87; 87; 85; 88; 89; 87; 89; 87; 87; 86; 88; 89; 89; 85; 89; 89; 89; 88; 89; 89; 88; 86; 89; 89; 89; 87; 89; 88; 88; 88; 86; 89; 89; 90; 89; 89; 87; 87; 87; 90; 88; 86; 90; 87; 89; 87; 89; 89; 86; 87; 87; 90; 90; 87; 90; 86; 89; 85; 88; 90; 89; 
median 88 high 90 low 85


 1:
88; 89; 87; 90; 89; 88; 89; 87; 87; 88; 89; 87; 90; 87; 89; 89; 88; 89; 87; 89; 86; 87; 87; 90; 89; 87; 89; 90; 88; 87; 87; 89; 89; 87; 89; 89; 89; 85; 89; 88; 89; 86; 86; 88; 87; 88; 86; 89; 88; 89; 89; 87; 89; 89; 90; 88; 89; 87; 88; 89; 89; 87; 89; 89; 87; 87; 87; 89; 87; 89; 90; 89; 86; 88; 87; 88; 89; 87; 89; 90; 89; 87; 89; 89; 88; 87; 89; 88; 87; 87; 90; 89; 89; 89; 87; 89; 91; 89; 89; 89; 
median 89 high 91 low 85


 2:
90; 89; 87; 89; 85; 89; 89; 87; 87; 89; 87; 89; 89; 89; 87; 89; 89; 89; 86; 90; 89; 86; 87; 86; 89; 87; 87; 89; 86; 86; 87; 89; 89; 89; 88; 88; 89; 89; 88; 88; 89; 86; 87; 89; 88; 86; 87; 88; 89; 87; 88; 87; 89; 87; 88; 87; 88; 89; 87; 90; 88; 90; 88; 90; 89; 89; 88; 88; 88; 88; 87; 87; 87; 88; 87; 88; 89; 89; 88; 89; 89; 90; 87; 86; 89; 87; 88; 89; 89; 87; 86; 90; 89; 89; 88; 88; 89; 89; 89; 86; 
median 88 high 90 low 85


 3:
89; 86; 87; 87; 87; 91; 87; 88; 87; 90; 88; 86; 89; 88; 86; 90; 88; 90; 88; 88; 88; 89; 86; 89; 88; 89; 87; 88; 88; 88; 88; 85; 90; 89; 87; 86; 89; 89; 87; 89; 87; 87; 87; 87; 89; 86; 87; 89; 89; 87; 86; 89; 87; 88; 89; 89; 89; 88; 89; 89; 87; 89; 87; 90; 89; 89; 86; 87; 89; 87; 88; 89; 87; 88; 89; 87; 87; 91; 87; 90; 89; 88; 87; 90; 89; 89; 88; 87; 87; 89; 89; 89; 86; 86; 89; 88; 89; 89; 89; 87; 
median 88 high 91 low 85


 4:
88; 87; 88; 87; 88; 88; 88; 90; 90; 87; 87; 90; 88; 88; 89; 88; 88; 88; 89; 89; 89; 85; 88; 87; 90; 89; 89; 89; 90; 87; 86; 88; 89; 87; 87; 89; 88; 87; 90; 89; 89; 88; 88; 91; 87; 85; 89; 86; 88; 87; 88; 87; 89; 87; 88; 89; 87; 87; 88; 87; 89; 88; 87; 87; 87; 88; 90; 87; 88; 89; 89; 87; 88; 87; 87; 89; 89; 87; 89; 87; 89; 87; 86; 87; 90; 89; 89; 90; 87; 87; 87; 89; 89; 87; 88; 89; 89; 89; 89; 90; 
median 88 high 91 low 85


 5:
98; 100; 102; 102; 100; 100; 98; 100; 100; 98; 99; 99; 99; 102; 97; 99; 100; 98; 98; 98; 101; 100; 97; 101; 99; 102; 98; 102; 97; 100; 100; 99; 97; 100; 97; 98; 101; 100; 97; 101; 100; 100; 99; 98; 98; 101; 99; 99; 101; 98; 99; 98; 102; 100; 100; 100; 100; 100; 99; 99; 99; 97; 99; 100; 101; 101; 98; 99; 100; 99; 99; 100; 99; 100; 99; 100; 97; 100; 98; 100; 100; 100; 100; 99; 102; 97; 101; 99; 100; 100; 99; 101; 100; 99; 100; 100; 102; 101; 100; 99; 
median 100 high 102 low 97


 6:
98; 98; 100; 100; 98; 101; 100; 99; 99; 100; 101; 98; 100; 98; 100; 99; 98; 100; 101; 100; 100; 98; 100; 101; 100; 100; 101; 98; 99; 100; 101; 100; 100; 100; 101; 98; 98; 98; 101; 99; 100; 101; 100; 99; 99; 100; 101; 101; 99; 100; 101; 99; 98; 98; 102; 100; 102; 101; 99; 100; 99; 97; 100; 100; 98; 99; 100; 101; 98; 100; 101; 100; 101; 99; 100; 98; 99; 101; 100; 101; 99; 101; 98; 98; 98; 99; 99; 98; 100; 98; 101; 99; 100; 98; 100; 99; 100; 100; 99; 99; 
median 100 high 102 low 97


 7:
88; 88; 88; 87; 89; 88; 89; 89; 88; 88; 90; 86; 88; 90; 87; 89; 87; 89; 89; 87; 89; 85; 89; 89; 89; 89; 89; 89; 87; 89; 89; 89; 87; 89; 89; 88; 89; 90; 87; 85; 87; 89; 87; 87; 87; 88; 91; 89; 87; 89; 89; 89; 89; 89; 87; 89; 89; 89; 88; 89; 87; 89; 88; 89; 88; 87; 87; 90; 87; 89; 89; 89; 89; 89; 89; 89; 86; 87; 89; 87; 88; 89; 88; 88; 86; 87; 88; 89; 87; 89; 86; 88; 87; 88; 90; 89; 87; 89; 88; 87; 
median 89 high 91 low 85


 8:
101; 102; 98; 100; 100; 97; 99; 101; 101; 97; 100; 99; 99; 100; 99; 100; 101; 100; 100; 98; 100; 102; 100; 100; 100; 100; 99; 99; 98; 99; 98; 100; 99; 100; 97; 101; 99; 98; 100; 100; 101; 98; 98; 99; 101; 99; 99; 101; 102; 99; 99; 99; 99; 100; 99; 99; 101; 99; 99; 98; 98; 100; 98; 99; 98; 99; 98; 102; 101; 99; 98; 99; 100; 102; 98; 100; 102; 98; 100; 99; 100; 101; 99; 101; 100; 97; 99; 101; 102; 98; 99; 100; 99; 100; 100; 99; 98; 97; 102; 101; 
median 99 high 102 low 97


 9:
88; 88; 87; 87; 88; 90; 87; 89; 87; 89; 87; 89; 89; 87; 86; 89; 89; 88; 89; 89; 88; 89; 89; 86; 90; 89; 88; 87; 85; 90; 87; 87; 89; 88; 87; 88; 87; 89; 89; 90; 90; 88; 87; 88; 89; 89; 89; 90; 89; 90; 87; 89; 89; 88; 88; 89; 89; 88; 87; 89; 86; 89; 87; 88; 88; 88; 89; 86; 90; 87; 89; 89; 90; 89; 87; 90; 89; 88; 87; 90; 87; 87; 86; 87; 87; 89; 89; 89; 87; 89; 89; 85; 89; 89; 86; 87; 89; 89; 86; 89; 
median 88 high 90 low 85


10:
100; 98; 99; 99; 99; 98; 100; 96; 98; 102; 101; 98; 98; 100; 101; 100; 100; 98; 101; 101; 101; 99; 98; 99; 98; 98; 98; 98; 100; 100; 100; 99; 100; 100; 98; 98; 99; 100; 99; 100; 99; 100; 101; 99; 101; 99; 99; 98; 99; 100; 100; 100; 99; 101; 100; 100; 101; 101; 99; 99; 100; 100; 100; 100; 100; 99; 99; 101; 100; 100; 100; 99; 99; 98; 101; 97; 99; 100; 100; 99; 98; 99; 101; 100; 98; 98; 100; 99; 100; 100; 101; 98; 100; 99; 99; 98; 99; 98; 100; 100; 
median 99 high 102 low 96


11:
98; 100; 99; 98; 100; 100; 100; 99; 101; 101; 98; 100; 101; 100; 100; 102; 100; 98; 99; 100; 102; 99; 100; 97; 98; 100; 98; 100; 99; 98; 100; 99; 99; 100; 100; 100; 100; 100; 101; 99; 99; 99; 99; 102; 99; 100; 101; 98; 98; 99; 101; 102; 100; 99; 100; 101; 100; 99; 100; 101; 97; 98; 101; 99; 99; 100; 100; 100; 99; 101; 99; 101; 99; 98; 100; 100; 101; 97; 99; 100; 100; 100; 98; 100; 99; 100; 100; 101; 100; 99; 99; 100; 98; 99; 98; 98; 101; 102; 100; 101; 
median 100 high 102 low 97


12:
89; 88; 89; 90; 87; 87; 89; 89; 89; 87; 89; 89; 87; 87; 88; 87; 88; 86; 89; 89; 89; 87; 89; 88; 89; 90; 87; 89; 85; 87; 87; 89; 89; 89; 88; 88; 90; 89; 87; 89; 90; 87; 88; 89; 88; 85; 88; 89; 89; 87; 89; 89; 86; 88; 87; 88; 90; 89; 88; 87; 89; 86; 89; 90; 89; 85; 90; 87; 89; 88; 87; 87; 88; 89; 89; 89; 89; 89; 85; 87; 87; 88; 87; 90; 87; 88; 89; 87; 87; 87; 86; 89; 87; 87; 88; 89; 89; 89; 88; 89; 
median 88 high 90 low 85


13:
102; 99; 99; 100; 100; 101; 99; 98; 100; 98; 99; 100; 100; 100; 101; 97; 99; 98; 99; 98; 100; 100; 100; 99; 98; 97; 99; 98; 99; 100; 99; 102; 100; 100; 97; 100; 102; 99; 101; 99; 100; 101; 98; 99; 101; 99; 99; 101; 99; 102; 99; 100; 99; 99; 102; 98; 101; 101; 100; 100; 99; 100; 100; 99; 99; 102; 100; 99; 101; 102; 99; 98; 100; 98; 97; 101; 100; 102; 99; 100; 100; 100; 98; 97; 100; 99; 99; 100; 99; 98; 99; 98; 100; 101; 99; 99; 102; 101; 99; 100; 
median 99 high 102 low 97


14:
97; 97; 99; 99; 100; 99; 99; 99; 101; 99; 100; 99; 98; 99; 99; 97; 99; 99; 101; 98; 99; 100; 99; 101; 98; 98; 99; 99; 98; 100; 100; 100; 99; 100; 100; 98; 99; 99; 101; 100; 99; 97; 100; 98; 101; 100; 102; 99; 99; 98; 98; 98; 100; 99; 102; 101; 100; 99; 99; 99; 98; 98; 99; 99; 101; 98; 100; 99; 100; 100; 99; 100; 102; 100; 101; 100; 99; 101; 98; 97; 100; 99; 101; 97; 101; 100; 101; 99; 99; 100; 101; 101; 100; 99; 99; 99; 98; 97; 100; 100; 
median 99 high 102 low 97


15:
99; 98; 98; 99; 97; 100; 97; 100; 98; 97; 99; 99; 98; 98; 98; 101; 102; 99; 100; 100; 98; 98; 99; 98; 99; 100; 102; 99; 100; 98; 97; 100; 102; 97; 98; 101; 98; 102; 100; 101; 100; 99; 100; 99; 97; 98; 99; 102; 98; 101; 100; 100; 100; 99; 98; 100; 98; 99; 100; 98; 100; 101; 98; 100; 98; 100; 101; 99; 98; 100; 100; 99; 101; 100; 100; 99; 99; 98; 101; 102; 100; 99; 101; 99; 100; 99; 101; 101; 100; 98; 100; 101; 99; 100; 97; 100; 99; 100; 101; 101; 
median 99 high 102 low 97


16:
100; 98; 100; 98; 100; 100; 99; 98; 100; 100; 100; 99; 101; 99; 97; 100; 101; 98; 99; 101; 100; 101; 97; 100; 101; 99; 102; 100; 100; 98; 99; 100; 100; 98; 100; 99; 101; 100; 100; 102; 98; 99; 100; 99; 101; 99; 99; 99; 100; 99; 99; 99; 100; 101; 100; 99; 101; 99; 101; 97; 99; 100; 100; 99; 101; 100; 99; 98; 98; 101; 100; 98; 99; 99; 99; 98; 99; 97; 99; 100; 100; 101; 98; 101; 98; 101; 99; 98; 102; 99; 100; 98; 102; 100; 99; 100; 100; 100; 101; 98; 
median 100 high 102 low 97


17:
99; 99; 99; 100; 99; 100; 100; 99; 97; 100; 100; 98; 100; 100; 100; 100; 100; 100; 99; 100; 100; 99; 101; 100; 98; 99; 99; 100; 101; 101; 100; 98; 99; 99; 100; 98; 100; 102; 98; 98; 101; 98; 99; 101; 99; 101; 100; 99; 101; 101; 98; 97; 98; 100; 101; 99; 100; 100; 99; 100; 100; 100; 98; 99; 99; 100; 99; 98; 100; 102; 98; 100; 98; 99; 100; 100; 100; 100; 100; 99; 99; 98; 97; 99; 99; 100; 98; 97; 99; 102; 100; 100; 100; 100; 97; 101; 100; 102; 99; 99; 
median 100 high 102 low 97


18:
99; 98; 102; 98; 100; 97; 97; 100; 98; 97; 99; 99; 100; 98; 99; 101; 100; 100; 100; 100; 99; 99; 102; 98; 99; 100; 97; 98; 101; 100; 100; 99; 100; 99; 101; 99; 100; 99; 100; 99; 98; 98; 101; 97; 99; 99; 100; 98; 98; 100; 100; 99; 100; 102; 102; 99; 101; 100; 101; 98; 101; 98; 99; 99; 100; 101; 98; 99; 100; 101; 101; 100; 99; 98; 100; 100; 98; 99; 100; 100; 100; 99; 99; 99; 98; 101; 100; 99; 102; 100; 101; 100; 99; 102; 101; 101; 99; 97; 101; 99; 
median 99 high 102 low 97


19:
101; 100; 100; 99; 100; 101; 100; 100; 100; 98; 101; 101; 100; 99; 100; 101; 98; 100; 101; 101; 98; 99; 100; 99; 99; 99; 99; 100; 100; 98; 100; 101; 98; 101; 100; 98; 100; 100; 98; 100; 101; 97; 100; 98; 99; 98; 100; 99; 100; 99; 99; 102; 100; 100; 100; 100; 100; 99; 100; 99; 100; 100; 101; 102; 102; 99; 97; 100; 99; 100; 100; 99; 100; 98; 101; 100; 101; 98; 99; 100; 100; 98; 101; 99; 101; 100; 97; 100; 101; 102; 99; 100; 100; 100; 101; 101; 100; 100; 101; 100; 
median 100 high 102 low 97


20:
100; 100; 100; 98; 98; 100; 97; 99; 98; 101; 100; 99; 98; 99; 98; 99; 101; 100; 101; 98; 100; 101; 99; 99; 98; 100; 100; 98; 99; 101; 100; 102; 99; 100; 99; 100; 98; 101; 98; 101; 98; 100; 99; 97; 101; 99; 99; 100; 99; 100; 97; 99; 100; 99; 98; 99; 100; 102; 100; 99; 100; 99; 98; 102; 99; 99; 99; 100; 98; 102; 99; 102; 100; 101; 100; 100; 100; 99; 98; 99; 99; 99; 100; 98; 99; 99; 98; 100; 98; 102; 99; 100; 99; 101; 99; 99; 99; 101; 99; 100; 
median 99 high 102 low 97


21:
317; 319; 319; 319; 315; 317; 317; 317; 318; 321; 319; 319; 317; 317; 313; 317; 317; 317; 315; 317; 317; 315; 313; 319; 321; 317; 317; 321; 317; 315; 309; 313; 311; 312; 309; 313; 310; 320; 317; 319; 317; 317; 320; 317; 319; 317; 319; 317; 319; 315; 319; 317; 319; 317; 319; 319; 321; 319; 317; 317; 321; 319; 315; 317; 324; 319; 319; 321; 321; 321; 319; 318; 319; 319; 321; 317; 321; 321; 315; 317; 317; 321; 321; 319; 323; 317; 317; 315; 318; 317; 319; 317; 321; 317; 321; 319; 319; 321; 315; 321; 
median 317 high 324 low 309


22:
319; 318; 319; 319; 321; 321; 321; 315; 321; 321; 321; 319; 321; 319; 319; 319; 319; 319; 321; 319; 319; 319; 317; 319; 320; 319; 321; 318; 318; 321; 319; 319; 316; 321; 323; 319; 321; 319; 321; 321; 321; 321; 319; 318; 321; 319; 321; 316; 317; 321; 317; 315; 321; 323; 319; 317; 319; 319; 323; 319; 317; 319; 321; 317; 319; 319; 321; 319; 319; 320; 319; 321; 319; 321; 1103; 319; 319; 321; 321; 321; 319; 319; 321; 319; 319; 319; 321; 318; 318; 321; 319; 315; 317; 319; 321; 319; 319; 319; 317; 317; 
median 319 high 1103 low 315


23:
319; 99; 99; 99; 100; 98; 99; 99; 98; 100; 98; 99; 100; 100; 101; 100; 99; 98; 101; 98; 98; 101; 100; 99; 100; 100; 99; 99; 100; 97; 101; 100; 101; 99; 101; 98; 100; 100; 99; 99; 98; 100; 100; 100; 100; 98; 100; 99; 99; 102; 102; 100; 101; 99; 100; 97; 98; 101; 100; 98; 98; 100; 99; 100; 98; 99; 100; 99; 99; 99; 99; 101; 100; 99; 100; 100; 100; 100; 98; 100; 98; 97; 99; 99; 100; 99; 101; 99; 99; 100; 101; 99; 98; 100; 100; 98; 98; 101; 100; 99; 
median 99 high 319 low 97


24:
98; 101; 98; 98; 96; 98; 99; 100; 101; 102; 97; 100; 98; 99; 100; 102; 99; 99; 99; 100; 100; 100; 100; 98; 99; 99; 99; 100; 99; 100; 98; 99; 102; 100; 100; 100; 99; 99; 99; 101; 99; 99; 102; 102; 98; 98; 102; 98; 100; 100; 99; 98; 99; 98; 100; 102; 99; 99; 97; 100; 99; 99; 99; 100; 100; 98; 100; 100; 98; 100; 98; 99; 99; 99; 98; 97; 98; 99; 99; 99; 99; 97; 99; 102; 99; 98; 98; 101; 97; 100; 98; 101; 100; 99; 98; 100; 98; 100; 98; 100; 
median 99 high 102 low 96


[!] target 0x7f7af9f00000
[+] printing adrs of list:
[1] 0x7f7af9008000 0x7f7af9007000
[2] 0x7f7af9007000 0x7f7af9006000
[3] 0x7f7af9006000 0x7f7af9005000
[4] 0x7f7af9005000 0x7f7af9004000
[5] 0x7f7af9004000 0x7f7af9003000
[6] 0x7f7af9003000 0x7f7af9002000
[7] 0x7f7af9002000 0x7f7af9001000
[8] 0x7f7af9001000 (nil)
[+] printing adrs of list:
[1] 0x7f7af91e0000 0x7f7af91c0000
[2] 0x7f7af91c0000 0x7f7af91a0000
[3] 0x7f7af91a0000 0x7f7af9180000
[4] 0x7f7af9180000 0x7f7af9160000
[5] 0x7f7af9160000 0x7f7af9140000
[6] 0x7f7af9140000 0x7f7af9120000
[7] 0x7f7af9120000 0x7f7af9100000
[8] 0x7f7af9100000 0x7f7af90e0000
[9] 0x7f7af90e0000 0x7f7af90c0000
[10] 0x7f7af90c0000 0x7f7af90a0000
[11] 0x7f7af90a0000 0x7f7af9080000
[12] 0x7f7af9080000 0x7f7af9060000
[13] 0x7f7af9060000 0x7f7af9040000
[14] 0x7f7af9040000 0x7f7af9020000
[15] 0x7f7af9020000 0x7f7af9000000
[16] 0x7f7af9000000 (nil)
target:
138; 138; 137; 138; 140; 138; 140; 140; 136; 140; 137; 138; 138; 140; 138; 140; 140; 138; 140; 138; 138; 138; 138; 138; 140; 138; 138; 139; 140; 138; 140; 137; 140; 138; 138; 140; 139; 140; 140; 138; 138; 139; 142; 140; 140; 138; 142; 138; 141; 138; 140; 140; 138; 138; 140; 139; 138; 140; 136; 140; 140; 141; 140; 142; 138; 140; 139; 138; 140; 138; 138; 138; 136; 138; 136; 138; 138; 140; 138; 139; 138; 140; 140; 138; 140; 139; 140; 138; 140; 138; 140; 140; 139; 141; 140; 140; 138; 140; 140; 139; 
median 139 high 142 low 136


[!] target 0x7f7af9f00000
[+] printing adrs of list:
[1] 0x7f7af92e0000 0x7f7af92c0000
[2] 0x7f7af92c0000 0x7f7af92a0000
[3] 0x7f7af92a0000 0x7f7af9280000
[4] 0x7f7af9280000 0x7f7af9260000
[5] 0x7f7af9260000 0x7f7af9240000
[6] 0x7f7af9240000 0x7f7af9220000
[7] 0x7f7af9220000 0x7f7af9200000
[8] 0x7f7af9200000 0x7f7af91e0000
[9] 0x7f7af91e0000 0x7f7af91c0000
[10] 0x7f7af91c0000 0x7f7af91a0000
[11] 0x7f7af91a0000 0x7f7af9180000
[12] 0x7f7af9180000 0x7f7af9160000
[13] 0x7f7af9160000 0x7f7af9140000
[14] 0x7f7af9140000 0x7f7af9120000
[15] 0x7f7af9120000 0x7f7af9100000
[16] 0x7f7af9100000 0x7f7af90e0000
[17] 0x7f7af90e0000 0x7f7af90c0000
[18] 0x7f7af90c0000 0x7f7af90a0000
[19] 0x7f7af90a0000 0x7f7af9080000
[20] 0x7f7af9080000 0x7f7af9060000
[21] 0x7f7af9060000 0x7f7af9040000
[22] 0x7f7af9040000 0x7f7af9020000
[23] 0x7f7af9020000 0x7f7af9000000
[24] 0x7f7af9000000 (nil)
target timings:
132; 132; 134; 134; 134; 132; 136; 134; 134; 134; 134; 134; 134; 132; 99; 101; 134; 132; 132; 132; 134; 134; 134; 132; 134; 134; 132; 134; 100; 99; 138; 138; 138; 142; 138; 138; 138; 140; 140; 140; 142; 140; 98; 100; 140; 140; 140; 139; 140; 138; 138; 140; 140; 138; 139; 138; 101; 98; 140; 138; 140; 140; 141; 140; 140; 142; 140; 136; 140; 138; 102; 99; 140; 140; 140; 142; 140; 138; 140; 138; 142; 138; 140; 140; 100; 100; 138; 136; 140; 139; 140; 140; 140; 138; 140; 140; 142; 138; 99; 99; 
median 138 high 142 low 98


[+] target adrs 0x55cbea2854e0
[+] init_evset complete, evsets 0x55cbea2842a0, buffer 0x7f7afb200000
[+] printing adrs of list:
[1] 0x7f7afb3704c0 0x7f7afb4304c0
[2] 0x7f7afb4304c0 0x7f7afb4f04c0
[3] 0x7f7afb4f04c0 0x7f7afb3f04c0
[4] 0x7f7afb3f04c0 0x7f7afb2f04c0
[5] 0x7f7afb2f04c0 0x7f7afb4904c0
[6] 0x7f7afb4904c0 0x7f7afb2304c0
[7] 0x7f7afb2304c0 0x7f7afb2d04c0
[8] 0x7f7afb2d04c0 0x7f7afb3d04c0
[9] 0x7f7afb3d04c0 0x7f7afb3b04c0
[10] 0x7f7afb3b04c0 0x7f7afb2b04c0
[11] 0x7f7afb2b04c0 0x7f7afb3504c0
[12] 0x7f7afb3504c0 0x7f7afb4504c0
[13] 0x7f7afb4504c0 0x7f7afb2504c0
[14] 0x7f7afb2504c0 0x7f7afb2704c0
[15] 0x7f7afb2704c0 0x7f7afb3904c0
[16] 0x7f7afb3904c0 0x7f7afb2104c0
[17] 0x7f7afb2104c0 0x7f7afb4104c0
[18] 0x7f7afb4104c0 0x7f7afb4704c0
[19] 0x7f7afb4704c0 0x7f7afb2904c0
[20] 0x7f7afb2904c0 0x7f7afb3104c0
[21] 0x7f7afb3104c0 0x7f7afb4b04c0
[22] 0x7f7afb4b04c0 0x7f7afb4d04c0
[23] 0x7f7afb4d04c0 0x7f7afb3304c0
[24] 0x7f7afb3304c0 0x7f7afb3704c0
target timings:
138; 137; 136; 138; 138; 138; 136; 138; 139; 134; 136; 138; 136; 136; 134; 138; 136; 136; 136; 140; 136; 136; 136; 138; 136; 136; 134; 140; 138; 136; 136; 140; 144; 144; 142; 146; 146; 146; 148; 146; 145; 147; 146; 146; 146; 145; 144; 146; 146; 146; 144; 144; 145; 144; 144; 145; 144; 146; 144; 147; 146; 146; 144; 147; 146; 146; 144; 144; 145; 148; 145; 148; 148; 146; 145; 146; 146; 148; 145; 145; 144; 165; 144; 147; 146; 145; 148; 146; 146; 145; 146; 148; 148; 146; 146; 147; 146; 146; 147; 145; 
median 145 high 165 low 134, L2 counter 0


counter 0
