28672   3.451
29696   3.445
30720   3.459
31744   3.454
32768   3.467
33792   3.680
34816   3.888
35840   4.120
36864   4.307
37888   4.521
38912   4.722
39936   4.918
40960   5.073
41984   5.200
43008   5.283
44032   5.466
45056   5.580
46080   5.717
47104   5.813
65536   7.126
131072   9.530
253952  12.851
258048  12.810
260096  12.789
261120  12.665
262144  12.822
263168  12.979
264192  13.275
266240  13.318
270336  13.390
278528  13.771
294912  14.995
524288  25.122
917504  31.010
983040  31.521
1048576  32.011
1114112  32.398
1179648  32.760
1245184  33.055
1310720  33.356
1376256  33.629
1835008  34.932
1966080  35.126
2031616  35.248
2097152  35.392
2162688  35.503
2228224  35.596
2293760  35.666
2359296  35.766
2621440  36.021
2883584  36.277
3145728  31.366
4194304  33.215
8388608  57.754
16777216 203.202
20971520 230.113
