28672   2.209
29696   2.212
30720   2.221
31744   2.223
32768   2.213
33792   2.613
34816   3.048
35840   3.536
36864   3.851
37888   4.116
38912   4.648
39936   4.881
40960   5.172
41984   5.333
43008   5.694
44032   5.818
45056   6.102
46080   6.323
47104   6.650
65536   8.939
131072  11.931
253952  14.852
258048  14.954
260096  14.941
261120  15.008
262144  15.011
263168  15.049
264192  15.124
266240  15.165
270336  15.227
278528  15.412
294912  15.710
524288  18.236
917504  19.588
983040  19.711
1048576  19.860
1114112  19.993
1179648  20.184
1245184  20.332
1310720  20.826
1376256  21.044
1835008  22.711
1966080  24.107
2031616  24.826
2097152  25.690
2162688  26.269
2228224  26.816
2293760  27.541
2359296  28.125
2621440  30.529
2883584  33.204
3145728  31.011
4194304  38.351
8388608  45.691
16777216  76.116
20971520  90.125
