28672   2.663
29696   2.665
30720   2.664
31744   2.665
32768   2.665
33792   2.665
34816   2.668
35840   2.665
36864   2.666
37888   2.671
38912   2.665
39936   2.667
40960   2.664
41984   2.664
43008   2.666
44032   2.666
45056   2.666
46080   2.668
47104   2.667
65536   4.190
131072   6.188
253952   7.060
258048   7.107
260096   7.108
261120   7.089
262144   7.098
263168   7.117
264192   7.119
266240   7.147
270336   7.139
278528   7.149
294912   7.191
524288   8.473
917504  11.550
983040  11.655
1048576  12.353
1114112  12.682
1179648  13.105
1245184  13.356
1310720  13.871
1376256  14.391
1835008  19.686
1966080  21.109
2031616  21.714
2097152  22.366
2162688  22.998
2228224  23.333
2293760  23.781
2359296  24.299
2621440  22.883
2883584  24.341
3145728  25.595
4194304  28.945
8388608  32.504
16777216  55.851
20971520  90.106
