28672   3.423
29696   3.417
30720   3.424
31744   3.422
32768   3.434
33792   3.670
34816   3.888
35840   4.106
36864   4.347
37888   4.549
38912   4.663
39936   4.858
40960   5.099
41984   5.163
43008   5.345
44032   5.510
45056   5.584
46080   5.700
47104   5.872
48128   5.925
49152   6.077
50176   6.215
51200   6.192
52224   6.280
53248   6.415
54272   6.534
65536   7.110
131072  10.143
253952  12.910
258048  13.336
260096  13.237
261120  13.217
262144  13.198
263168  13.387
264192  13.516
266240  13.710
270336  13.787
278528  14.195
294912  15.371
524288  25.165
917504  31.632
983040  32.158
1048576  32.742
1114112  33.073
1179648  33.487
1245184  33.896
1310720  34.114
1376256  34.384
1835008  35.773
1966080  36.039
2031616  36.206
2097152  36.312
2162688  36.574
2228224  36.547
2293760  36.643
2359296  36.736
2621440  37.065
2883584  37.316
3145728  37.697
4194304  34.110
8388608  47.542
16777216 198.562
20971520 225.251
