28672   2.665
29696   2.684
30720   2.662
31744   2.664
32768   2.662
33792   2.661
34816   2.661
35840   2.662
36864   2.664
37888   2.662
38912   2.662
39936   2.666
40960   2.665
41984   2.662
43008   2.667
44032   2.663
45056   2.662
46080   2.665
47104   2.666
48128   2.667
49152   2.674
50176   2.780
51200   2.888
52224   2.996
53248   3.093
54272   3.202
65536   4.228
131072   6.145
253952   7.075
258048   7.081
260096   7.098
261120   7.114
262144   7.104
263168   7.101
264192   7.115
266240   7.120
270336   7.127
278528   7.150
294912   7.213
524288   8.471
917504  11.302
983040  11.569
1048576  12.191
1114112  13.122
1179648  13.782
1245184  14.243
1310720  14.851
1376256  15.638
1835008  19.572
1966080  20.389
2031616  20.781
2097152  21.276
2162688  21.738
2228224  22.127
2293760  22.423
2359296  22.839
2621440  24.164
2883584  25.322
3145728  26.182
4194304  26.836
8388608  29.460
16777216  38.873
20971520  68.739
