28672   2.209
29696   2.218
30720   2.213
31744   2.228
32768   2.227
33792   2.690
34816   3.119
35840   3.472
36864   3.892
37888   4.198
38912   4.608
39936   4.911
40960   5.073
41984   5.461
43008   5.688
44032   5.853
45056   6.139
46080   6.237
47104   6.449
48128   6.794
49152   6.752
50176   6.938
51200   7.201
52224   7.373
53248   7.566
54272   7.807
65536   8.937
131072  11.860
253952  14.746
258048  14.861
260096  14.983
261120  14.941
262144  15.002
263168  15.020
264192  15.017
266240  15.113
270336  15.159
278528  15.406
294912  15.715
524288  18.153
917504  19.521
983040  19.654
1048576  19.761
1114112  19.865
1179648  20.064
1245184  20.135
1310720  20.354
1376256  20.382
1835008  21.763
1966080  22.747
2031616  23.187
2097152  23.527
2162688  24.375
2228224  24.939
2293760  25.640
2359296  26.439
2621440  29.299
2883584  31.854
3145728  33.983
4194304  40.106
8388608  45.998
16777216  79.317
20971520  82.794
