00000000: 10011001 00000001 00001101 00000100 01100110 01011011  ....f[
00000006: 10010000 00001010 00000001 00001000 00000000 11010100  ......
0000000c: 11100101 01001111 10111001 01010000 11001011 01011110  .O.P.^
00000012: 10110001 11100111 00101000 11010011 10001010 10000001  ..(...
00000018: 11001000 10100110 11110010 11110101 00101110 00001000  ......
0000001e: 00001000 01111110 11000010 00100111 01101001 01001111  .~.'iO
00000024: 10110101 10010001 00000110 01010100 11001010 01100101  ...T.e
0000002a: 00111001 10100101 10111111 00101110 10101001 11010011  9.....
00000030: 01100110 01101010 01101001 00010111 00100000 01010001  fji. Q
00000036: 01001111 11111111 10101101 10110111 11101100 00000110  O.....
0000003c: 01100001 00010110 10011101 11101100 01101100 10110111  a...l.
00000042: 11101011 00110010 10001010 11001001 01010000 00100101  .2..P%
00000048: 00111000 01011101 00110110 01011110 11100010 11111000  8]6^..
0000004e: 00101100 10110010 10111001 11111000 11011000 00100010  ,...."
00000054: 00000111 10011101 00111111 01010101 01110110 00000111  ..?Uv.
0000005a: 10000011 10010110 10110000 10111110 00110110 10110101  ....6.
00000060: 10001101 01000110 11101101 10010000 00110101 10000000  .F..5.
00000066: 11000001 11011001 01101111 11110100 11101101 01111000  ..o..x
0000006c: 00110101 01101110 11100010 10100111 01100010 11100011  5n..b.
00000072: 11000010 10001101 11101001 01000001 10010000 01111001  ...A.y
00000078: 10100010 00101001 01101101 00010001 01111110 10000010  .)m.~.
0000007e: 10010001 00001101 10001001 00010101 11101101 01101010  .....j
00000084: 00100001 01011101 10100000 10101010 01101001 01111010  !]..iz
0000008a: 00011100 00010100 11000111 00111111 11110101 11011000  ...?..
00000090: 01110001 11000110 00000000 01111100 01011101 00001001  q..|].
00000096: 11100000 11001111 01010010 11101110 10110101 00100111  ..R..'
0000009c: 01000011 01001101 10011000 01011111 01010000 00110110  CM._P6
000000a2: 10111010 11100000 11000000 00011110 11101111 00101111  ...../
000000a8: 01000111 10000011 10111101 11100101 11010100 11010111  G.....
000000ae: 00011110 10110111 01100001 01100111 01011110 11111100  ..ag^.
000000b4: 11011010 10100010 10111010 00010110 01100111 11000011  ....g.
000000ba: 11110011 11010010 10111001 00011111 00100000 10101010  .... .
000000c0: 10000101 11000110 10111101 11100111 10111010 00101100  .....,
000000c6: 10100000 00001101 10101011 10111100 00010111 11110010  ......
000000cc: 10001010 00011011 01100100 01101101 00110111 00110111  ..dm77
000000d2: 11111011 00011000 01001100 00111011 11010110 10001101  ..L;..
000000d8: 11011111 01011110 11100110 01101100 00001110 10000000  .^.l..
000000de: 11101001 01101010 11011100 01101100 10110100 01111001  .j.l.y
000000e4: 11101001 01011010 00011100 01101110 00101010 11010100  .Z.n*.
000000ea: 00110110 00010100 10010000 11000110 01000101 10100010  6...E.
000000f0: 00000000 00101101 10000110 10011110 11101101 00001011  .-....
000000f6: 00001110 01000110 00001001 01110010 01010110 10011010  .F.rV.
000000fc: 11111001 11000001 11101110 11001010 11000010 10111001  ......
00000102: 10100100 10001101 00011110 11100000 11000011 11100001  ......
00000108: 10111111 00101101 01011011 00000000 00010001 00000001  .-[...
0000010e: 00000000 00000001 10110100 00011011 01001010 01101001  ....Ji
00000114: 01100001 01101100 01101001 01101110 00100000 00111100  alin <
0000011a: 01001010 01101001 01100001 00101101 01001100 01101001  Jia-Li
00000120: 01101110 00101110 01010011 01101000 01101001 01000000  n.Shi@
00000126: 01110010 01110101 01100010 00101110 01100100 01100101  rub.de
0000012c: 00111110 10001001 00000001 00110111 00000100 00010011  >..7..
00000132: 00000001 00000010 00000000 00100001 00000101 00000010  ...!..
00000138: 01100110 01011011 10010000 00001010 00000010 00011011  f[....
0000013e: 00000011 00000110 00001011 00001001 00001000 00000111  ......
00000144: 00000011 00000010 00000110 00010101 00001000 00000010  ......
0000014a: 00001001 00001010 00001011 00000011 00010110 00000010  ......
00000150: 00000001 00000010 00011110 00000001 00000010 00010111  ......
00000156: 10000000 00000000 00001010 00001001 00010000 11010100  ......
0000015c: 10110000 00010001 00100000 11111111 10110101 00111101  .. ..=
00000162: 01010101 01001011 10101011 00000111 11111110 00101100  UK...,
00000168: 00110010 01101100 11101010 10010111 00011101 01100101  2l...e
0000016e: 11101110 00110101 10101100 01111000 10111100 10111011  .5.x..
00000174: 01011101 00101010 10101100 00110010 00110010 10100110  ]*.22.
0000017a: 01011110 00010111 11111100 00110000 10111100 11011101  ^..0..
00000180: 00111000 11000101 00101100 01100000 00011010 10100001  8.,`..
00000186: 01110100 10110111 11110101 01010110 11100001 01111001  t..V.y
0000018c: 11001010 10110111 10100100 00010101 11111101 00100010  ....."
00000192: 10111110 11001000 10001010 11100001 00001100 11001101  ......
00000198: 10001000 00110000 00100011 00010011 11100011 00001000  .0#...
0000019e: 10010001 10101101 10100000 01101011 00100001 10011010  ...k!.
000001a4: 01111001 01100100 01001100 01101001 01110011 11111101  ydLis.
000001aa: 00010111 01011101 10101100 11010101 00000001 00001001  .]....
000001b0: 11010101 00000010 00010001 11001100 00000000 01100101  .....e
000001b6: 01111100 00100000 00011110 01101010 00101110 10100100  | .j..
000001bc: 10000011 00000111 00011100 11011100 11101100 01000111  .....G
000001c2: 00001000 00100001 01100100 10110100 11001111 01001110  .!d..N
000001c8: 10111001 11100000 00001111 10011010 10101011 01011101  .....]
000001ce: 11000110 10000011 11101111 00100001 01001111 11100101  ...!O.
000001d4: 01011111 10111001 00011010 00001000 00011011 10010000  _.....
000001da: 11010011 00000100 00101010 00010000 11100101 01010000  ..*..P
000001e0: 00001010 10010110 00001100 01111100 11010111 11011101  ...|..
000001e6: 00100001 11001011 10111000 11111101 10001001 11011101  !.....
000001ec: 11101000 10011101 10111101 00000101 10001001 11101100  ......
000001f2: 11110010 10010101 11001100 00111000 00110101 10010001  ...85.
000001f8: 10010110 01110001 11110101 10001000 01010111 11010101  .q..W.
000001fe: 00101101 00110001 01000010 11000111 11100110 11000101  -1B...
00000204: 00101011 11000110 11000000 00000101 00111110 00101111  +...>/
0000020a: 01101111 11001101 11111101 10100101 11101011 00111010  o....:
00000210: 11110110 00100110 10001100 01010001 01000001 01110100  .&.QAt
00000216: 01000110 10011100 11110011 10000011 11001001 11011110  F.....
0000021c: 01111110 00110111 10011000 11111111 10110010 00100000  ~7... 
00000222: 00111000 00011000 01011111 11000010 11011100 00110010  8._..2
00000228: 00101101 11001111 01111110 01101011 01000101 01110110  -.~kEv
0000022e: 11110010 00000100 11110011 01011111 00100111 11100100  ..._'.
00000234: 01101110 11011100 10111101 00000100 01011110 10000101  n...^.
0000023a: 01001011 01011110 10101010 01110001 01101000 11101111  K^.qh.
00000240: 11001101 00000100 11110110 11000110 10010111 00000011  ......
00000246: 00100001 01111111 01000111 10000101 11011101 00111110  !.G..>
0000024c: 11101110 01010100 00111010 11010111 01100011 01100101  .T:.ce
00000252: 01100010 01010001 01101101 11111111 00000010 01110010  bQm..r
00000258: 11100100 00111001 10110101 00101100 11000110 00110001  .9.,.1
0000025e: 01100110 01100000 10000011 00101010 10110111 10001111  f`.*..
00000264: 01000010 01110000 00001011 10111001 00000001 00001101  Bp....
0000026a: 00000100 01100110 01011011 10010000 00001010 00000001  .f[...
00000270: 00001000 00000000 11010011 00101010 01000000 01000011  ...*@C
00000276: 01001101 01011000 00110100 00010101 01000010 10000001  MX4.B.
0000027c: 00101001 11010011 01010101 10011110 11010101 11010000  ).U...
00000282: 11011101 00110011 00001100 01011001 00100000 00000101  .3.Y .
00000288: 11100010 10110110 11000100 11011011 01000110 10110001  ....F.
0000028e: 00100001 10101010 11011111 11001111 10111010 10011110  !.....
00000294: 00110000 11100101 11001011 01011000 10100100 01100111  0..X.g
0000029a: 00101100 11010010 00011010 10100111 11010111 01110111  ,....w
000002a0: 11111101 10101100 10001010 10000110 00100000 11110101  .... .
000002a6: 11111100 10111000 00110001 00111000 00000110 01011100  ..18.\
000002ac: 10011010 00011111 10100101 01111110 11111001 10111111  ...~..
000002b2: 10100001 01100111 01010010 11000011 00001001 00011011  .gR...
000002b8: 10110111 01010010 10011100 00100100 01111101 11101000  .R.$}.
000002be: 10101110 01010011 00001110 10000001 01110011 10001110  .S..s.
000002c4: 00111111 11111010 01111100 11101101 01111011 10001110  ?.|.{.
000002ca: 01111100 01000001 00010000 01001010 10011011 10100110  |A.J..
000002d0: 00010000 01111001 00011100 01000101 10111110 10101110  .y.E..
000002d6: 00100001 10101111 11011100 10011011 10110111 01110000  !....p
000002dc: 00001000 11100101 10010110 00101110 11110110 10000101  ......
000002e2: 00100101 10010010 00101111 01000000 01001011 11100101  %./@K.
000002e8: 11111011 00100111 01111100 00110111 10101010 10000110  .'|7..
000002ee: 10101101 10110111 11111100 01101011 11011010 10101111  ...k..
000002f4: 10001010 01011011 10111100 10101010 10110000 10010010  .[....
000002fa: 01111011 01011111 00110110 01100010 01100010 00001101  {_6bb.
00000300: 00001101 11001110 11010011 11010110 00000001 00101000  .....(
00000306: 01010010 00011010 10000100 10111111 01001100 10010110  R...L.
0000030c: 10000011 10001001 11100111 00010101 00011111 01110101  .....u
00000312: 11000111 11110100 11101011 00001001 11001010 01110000  .....p
00000318: 10010010 00101000 11010011 00011010 00001110 00000111  .(....
0000031e: 10000010 11011000 00100001 00111101 10000110 11011001  ..!=..
00000324: 01000000 11100000 11011000 10001001 10000011 10101000  @.....
0000032a: 00111111 10011100 10000110 10011111 00001000 00001101  ?.....
00000330: 10010110 01111100 10011111 11001111 00101001 11101011  .|..).
00000336: 11100000 11111000 10011100 11011011 11111111 00101010  .....*
0000033c: 11000000 11010011 10011000 00111000 01001100 11100010  ...8L.
00000342: 11000100 01011001 10010110 10111001 00010000 11000010  .Y....
00000348: 11001111 01000111 01110110 01011011 00110010 11110110  .Gv[2.
0000034e: 11110000 00010110 10110101 01000000 00001100 01001011  ...@.K
00000354: 01010010 00100100 10011110 11010110 01011100 11011000  R$..\.
0000035a: 10111101 11110110 00011100 01110111 10010001 10100000  ...w..
00000360: 10101101 11100100 10000000 10001010 00011000 00000011  ......
00000366: 01010000 10100100 11101111 11100000 11110110 00100011  P....#
0000036c: 00001001 10010010 11011101 00111110 01110111 00100111  ...>w'
00000372: 00000000 00010001 00000001 00000000 00000001 10001001  ......
00000378: 00000001 00011111 00000100 00011000 00000001 00000010  ......
0000037e: 00000000 00001001 00000101 00000010 01100110 01011011  ....f[
00000384: 10010000 00001010 00000010 00011011 00001100 00000000  ......
0000038a: 00001010 00001001 00010000 11010100 10110000 00010001  ......
00000390: 00100000 11111111 10110101 00111101 01010101 11101001   ..=U.
00000396: 00010100 00000111 11111110 00111100 10000100 10110011  ...<..
0000039c: 00110001 01011111 00011101 00000101 01010000 01011001  1_..PY
000003a2: 00100100 01000011 01100010 11000001 01110011 10011011  $Cb.s.
000003a8: 11110110 00001100 00101001 01110011 11001111 10011110  ..)s..
000003ae: 01111111 10101011 00101111 11100100 11101000 11100111  ../...
000003b4: 00101000 01100001 00100000 11010101 10001100 00111011  (a ..;
000003ba: 01111010 01011111 01100011 00000001 01001010 01000010  z_c.JB
000003c0: 00010000 00111100 00101001 10011110 10101000 10001100  .<)...
000003c6: 01000011 11101000 10010010 00110011 00011110 00001011  C..3..
000003cc: 01101000 00011010 00110001 10000100 11000011 00010100  h.1...
000003d2: 01011100 10000011 01100110 00001001 10010100 11001011  \.f...
000003d8: 11101011 11111010 10000010 11010110 00110110 01001111  ....6O
000003de: 10100111 00101110 10010101 01110101 10011110 10000110  ...u..
000003e4: 01111001 01010110 01100111 11100111 01101111 00100110  yVg.o&
000003ea: 00011101 10000111 10011011 10011110 11000010 10111010  ......
000003f0: 00101011 00110100 10011111 01111100 00111000 10110100  +4.|8.
000003f6: 10110101 01111101 10110001 11010011 10010011 11101011  .}....
000003fc: 01011000 00000001 01111100 11101110 11010001 10100110  X.|...
00000402: 11000101 11010010 00000111 01101100 11011010 10110101  ...l..
00000408: 00001011 01011001 11101111 00110111 11011110 00100110  .Y.7.&
0000040e: 10110010 01011000 10001000 11011000 11110110 00101110  .X....
00000414: 01001101 11000000 11010011 01100110 00100001 00100011  M..f!#
0000041a: 00100100 01101100 00010100 11010100 01000101 01010000  $l..EP
00000420: 01101111 11001010 00000011 00111010 00101001 00000011  o..:).
00000426: 10100111 01010010 01100110 11010111 00110110 00111110  .Rf.6>
0000042c: 11000100 00111001 10101101 00011111 11001011 00010010  .9....
00000432: 10111101 11101000 10101100 01111000 10110011 10001011  ...x..
00000438: 00101010 11101101 10110111 00110100 10001101 01110001  *..4.q
0000043e: 10111011 11111100 10101111 10110011 01101110 00100001  ....n!
00000444: 10011111 00011100 10110010 00011111 01000001 10111000  ....A.
0000044a: 01011100 10000000 00011010 01001110 01001000 11010111  \..NH.
00000450: 01000001 01011111 00100100 10010100 01011101 01111111  A_$.].
00000456: 01110001 01001010 00111110 01100110 01111111 10101100  qJ>f..
0000045c: 11000000 11101011 01010011 01101001 11110011 01111000  ..Si.x
00000462: 01011000 11100101 01110010 01111010 00100010 01100010  X.rz"b
00000468: 01010001 10110011 01110100 01010010 00000111 01110110  Q.tR.v
0000046e: 01010000 10101101 00001111 00111111 11001111 10111100  P..?..
00000474: 11000010 00001001 11100110 11100111 10001101 01001101  .....M
0000047a: 10101111 11100011 10100101 10001110 00101101 01000001  ....-A
00000480: 10100010 01011000 01001001 11011000 00111110 01010001  .XI.>Q
00000486: 01100110 01000100 10010110 00111110 10100111 01110000  fD.>.p
0000048c: 00001001 10000000 11111110 10001101 01001101 01100000  ....M`
00000492: 10000110 01110101 01101101 10101001 11110001 10110010  .um...
00000498: 11110111                                               .
