5 36
5 36
5 38
5 36
5 38
5 38
5 38
5 38
5 36
5 40
6 38
6 36
6 34
6 38
6 34
6 38
6 38
6 36
6 38
6 38
7 36
7 36
7 38
7 38
7 36
7 36
7 36
7 36
7 36
7 54
8 54
8 52
8 54
8 52
8 54
8 54
8 54
8 52
8 52
8 54
9 62
9 52
9 52
9 54
9 50
9 52
9 52
9 50
9 50
9 52
10 50
10 52
10 48
10 50
10 50
10 48
10 50
10 48
10 50
10 48
11 52
11 52
11 50
11 52
11 52
11 52
11 54
11 52
11 52
11 54
12 48
12 48
12 48
12 50
12 48
12 46
12 46
12 48
12 48
12 50
13 52
13 48
13 52
13 56
13 54
13 52
13 52
13 52
13 54
13 52
14 48
14 50
14 50
14 50
14 50
14 50
14 48
14 50
14 48
14 48
15 56
15 56
15 56
15 54
15 56
15 56
15 54
15 54
15 54
15 56
16 56
16 52
16 54
16 52
16 52
16 52
16 54
16 54
16 54
16 52
17 46
17 48
17 48
17 52
17 50
17 48
17 50
17 50
17 50
17 50
18 56
18 54
18 54
18 54
18 54
18 56
18 56
18 54
18 54
18 54
19 62
19 56
19 56
19 56
19 54
19 56
19 56
19 56
19 56
19 56
20 48
20 50
20 50
20 50
20 50
20 48
20 50
20 50
20 46
20 50
21 54
21 54
21 56
21 58
21 56
21 58
21 56
21 58
21 56
21 58
22 56
22 56
22 54
22 54
22 54
22 56
22 54
22 54
22 54
22 56
23 52
23 54
23 52
23 52
23 52
23 50
23 52
23 50
23 54
23 50
24 50
24 52
24 48
24 50
24 50
24 50
24 50
24 48
24 50
24 48
25 48
25 48
25 48
25 48
25 50
25 50
25 52
25 50
25 50
25 50
