5 64
5 36
5 38
5 36
5 38
5 34
5 36
5 36
5 34
5 36
5 36
5 38
5 38
5 38
5 38
5 38
5 38
5 36
5 36
5 38
5 36
5 36
5 36
5 36
5 34
5 36
5 36
5 36
5 36
5 34
5 36
5 38
5 36
5 38
5 36
5 36
5 36
5 36
5 36
5 36
5 36
5 38
5 36
5 36
5 36
5 36
5 36
5 36
5 34
5 38
5 36
5 36
5 36
5 36
5 36
5 36
5 34
5 38
5 36
5 36
5 36
5 36
5 36
5 36
5 38
5 38
5 34
5 36
5 34
5 36
5 38
5 36
5 36
5 38
5 36
5 36
5 34
5 34
5 36
5 36
5 36
5 38
5 34
5 36
5 36
5 36
5 36
5 36
5 36
5 38
5 36
5 36
5 36
5 36
5 36
5 36
5 36
5 38
5 36
5 36
6 54
6 54
6 56
6 56
6 58
6 56
6 56
6 60
6 58
6 58
6 58
6 58
6 58
6 56
6 56
6 60
6 56
6 56
6 54
6 54
6 54
6 54
6 54
6 56
6 58
6 54
6 56
6 58
6 58
6 58
6 58
6 60
6 58
6 56
6 56
6 54
6 56
6 58
6 58
6 58
6 56
6 56
6 58
6 58
6 58
6 58
6 56
6 58
6 56
6 58
6 58
6 58
6 58
6 56
6 56
6 58
6 58
6 58
6 56
6 56
6 58
6 58
6 58
6 58
6 56
6 56
6 56
6 58
6 58
6 58
6 56
6 58
6 58
6 58
6 58
6 56
6 58
6 56
6 58
6 58
6 58
6 58
6 58
6 56
6 58
6 58
6 58
6 58
6 56
6 58
6 56
6 56
6 56
6 58
6 56
6 58
6 56
6 56
6 56
6 58
7 54
7 52
7 54
7 54
7 54
7 54
7 54
7 56
7 54
7 56
7 56
7 56
7 56
7 56
7 56
7 54
7 54
7 56
7 56
7 54
7 56
7 54
7 56
7 56
7 56
7 54
7 54
7 54
7 54
7 54
7 54
7 54
7 54
7 56
7 56
7 54
7 52
7 54
7 56
7 54
7 54
7 56
7 54
7 54
7 54
7 54
7 54
7 54
7 54
7 56
7 56
7 56
7 56
7 54
7 54
7 56
7 56
7 56
7 56
7 56
7 56
7 56
7 54
7 54
7 56
7 56
7 56
7 56
7 56
7 54
7 54
7 56
7 56
7 56
7 54
7 54
7 54
7 56
7 54
7 54
7 54
7 56
7 56
7 54
7 54
7 54
7 56
7 58
7 56
7 54
7 54
7 56
7 56
7 54
7 56
7 56
7 54
7 56
7 56
7 56
8 50
8 50
8 50
8 50
8 50
8 50
8 52
8 50
8 48
8 50
8 50
8 50
8 52
8 50
8 48
8 50
8 50
8 50
8 50
8 50
8 52
8 50
8 50
8 54
8 50
8 48
8 50
8 50
8 52
8 50
8 52
8 50
8 50
8 52
8 50
8 50
8 50
8 50
8 50
8 48
8 52
8 52
8 50
8 50
8 50
8 50
8 52
8 48
8 48
8 50
8 50
8 50
8 50
8 50
8 50
8 48
8 50
8 48
8 50
8 50
8 50
8 50
8 48
8 50
8 52
8 52
8 50
8 50
8 50
8 50
8 50
8 48
8 52
8 50
8 50
8 50
8 50
8 50
8 50
8 52
8 50
8 48
8 50
8 48
8 50
8 50
8 48
8 52
8 50
8 52
8 50
8 52
8 48
8 50
8 52
8 48
8 50
8 50
8 50
8 50
9 56
9 52
9 54
9 54
9 54
9 54
9 56
9 56
9 54
9 56
9 56
9 56
9 54
9 54
9 56
9 54
9 56
9 54
9 54
9 54
9 54
9 58
9 58
9 54
9 54
9 54
9 56
9 54
9 56
9 54
9 54
9 54
9 54
9 54
9 54
9 56
9 56
9 56
9 56
9 56
9 56
9 54
9 54
9 56
9 52
9 54
9 54
9 54
9 56
9 54
9 52
9 56
9 56
9 56
9 56
9 58
9 56
9 56
9 56
9 54
9 56
9 54
9 54
9 56
9 54
9 56
9 56
9 54
9 56
9 54
9 54
9 56
9 56
9 54
9 56
9 56
9 54
9 56
9 52
9 54
9 56
9 56
9 56
9 54
9 58
9 56
9 58
9 56
9 58
9 56
9 54
9 54
9 54
9 54
9 54
9 54
9 54
9 56
9 54
9 56
10 58
10 56
10 58
10 58
10 56
10 58
10 56
10 56
10 58
10 58
10 56
10 58
10 56
10 58
10 58
10 58
10 52
10 56
10 54
10 58
10 56
10 54
10 56
10 58
10 56
10 56
10 56
10 58
10 58
10 58
10 58
10 58
10 56
10 56
10 56
10 54
10 56
10 56
10 58
10 56
10 56
10 58
10 58
10 56
10 58
10 56
10 58
10 56
10 58
10 54
10 56
10 60
10 56
10 56
10 56
10 54
10 58
10 56
10 56
10 58
10 58
10 56
10 58
10 56
10 58
10 56
10 58
10 58
10 58
10 56
10 54
10 58
10 56
10 54
10 56
10 58
10 58
10 58
10 58
10 54
10 58
10 56
10 58
10 58
10 56
10 56
10 58
10 56
10 58
10 54
10 58
10 56
10 58
10 58
10 56
10 60
10 58
10 56
10 58
10 58
11 48
11 50
11 50
11 50
11 50
11 50
11 50
11 50
11 50
11 50
11 52
11 50
11 48
11 50
11 50
11 52
11 50
11 50
11 50
11 48
11 50
11 52
11 50
11 50
11 48
11 50
11 48
11 48
11 50
11 50
11 50
11 50
11 50
11 48
11 46
11 50
11 50
11 50
11 52
11 50
11 52
11 48
11 48
11 48
11 50
11 50
11 50
11 50
11 50
11 48
11 50
11 50
11 50
11 50
11 50
11 50
11 50
11 50
11 50
11 48
11 52
11 50
11 50
11 50
11 48
11 50
11 48
11 48
11 50
11 48
11 50
11 50
11 50
11 50
11 50
11 50
11 50
11 50
11 52
11 50
11 48
11 48
11 48
11 46
11 50
11 52
11 52
11 52
11 48
11 50
11 50
11 50
11 48
11 50
11 50
11 50
11 52
11 50
11 50
11 50
12 50
12 52
12 48
12 50
12 52
12 50
12 50
12 48
12 50
12 48
12 50
12 52
12 52
12 50
12 50
12 52
12 52
12 52
12 52
12 50
12 50
12 52
12 52
12 50
12 52
12 50
12 50
12 52
12 52
12 52
12 50
12 50
12 52
12 50
12 52
12 52
12 50
12 50
12 52
12 50
12 52
12 52
12 52
12 52
12 52
12 50
12 50
12 52
12 52
12 50
12 50
12 52
12 52
12 50
12 52
12 52
12 52
12 52
12 52
12 52
12 52
12 52
12 52
12 50
12 50
12 52
12 50
12 52
12 52
12 50
12 50
12 52
12 50
12 48
12 50
12 50
12 52
12 52
12 50
12 52
12 52
12 50
12 52
12 50
12 52
12 50
12 52
12 52
12 50
12 50
12 52
12 52
12 52
12 52
12 50
12 52
12 52
12 52
12 50
12 52
13 50
13 54
13 54
13 52
13 54
13 52
13 54
13 52
13 54
13 54
13 52
13 52
13 52
13 54
13 54
13 52
13 52
13 52
13 56
13 52
13 52
13 56
13 58
13 54
13 54
13 56
13 54
13 52
13 54
13 52
13 52
13 52
13 54
13 52
13 54
13 52
13 52
13 54
13 54
13 52
13 54
13 56
13 52
13 54
13 54
13 54
13 54
13 54
13 54
13 52
13 52
13 52
13 54
13 54
13 52
13 56
13 54
13 54
13 54
13 54
13 54
13 54
13 54
13 54
13 54
13 52
13 52
13 52
13 52
13 54
13 52
13 52
13 52
13 52
13 54
13 52
13 56
13 52
13 52
13 52
13 52
13 54
13 54
13 54
13 52
13 52
13 54
13 54
13 52
13 54
13 54
13 54
13 52
13 52
13 54
13 52
13 54
13 52
13 54
13 54
14 48
14 48
14 48
14 50
14 52
14 52
14 52
14 54
14 52
14 50
14 50
14 50
14 52
14 52
14 50
14 50
14 52
14 52
14 52
14 52
14 52
14 50
14 50
14 48
14 52
14 54
14 48
14 52
14 52
14 54
14 50
14 52
14 52
14 52
14 52
14 52
14 54
14 50
14 50
14 50
14 52
14 52
14 52
14 54
14 50
14 52
14 52
14 50
14 52
14 52
14 52
14 52
14 50
14 52
14 52
14 52
14 56
14 50
14 50
14 50
14 50
14 50
14 50
14 52
14 50
14 52
14 52
14 52
14 54
14 52
14 52
14 52
14 52
14 50
14 52
14 52
14 50
14 50
14 52
14 52
14 54
14 52
14 50
14 52
14 52
14 52
14 52
14 50
14 52
14 52
14 50
14 50
14 52
14 52
14 52
14 52
14 50
14 52
14 52
14 52
15 222
15 54
15 54
15 54
15 54
15 56
15 56
15 56
15 56
15 54
15 56
15 54
15 54
15 54
15 56
15 56
15 56
15 56
15 54
15 54
15 56
15 54
15 54
15 54
15 56
15 56
15 54
15 54
15 54
15 56
15 54
15 58
15 54
15 56
15 56
15 56
15 54
15 58
15 54
15 56
15 52
15 54
15 56
15 56
15 58
15 56
15 56
15 52
15 56
15 54
15 54
15 56
15 56
15 56
15 54
15 54
15 58
15 56
15 58
15 54
15 58
15 52
15 56
15 54
15 56
15 56
15 54
15 54
15 54
15 56
15 54
15 58
15 54
15 54
15 54
15 58
15 54
15 58
15 54
15 58
15 54
15 56
15 54
15 56
15 56
15 54
15 54
15 54
15 56
15 54
15 56
15 56
15 56
15 54
15 56
15 54
15 56
15 54
15 56
15 56
16 54
16 56
16 54
16 56
16 56
16 58
16 56
16 56
16 58
16 56
16 54
16 56
16 58
16 60
16 58
16 58
16 58
16 56
16 56
16 58
16 56
16 60
16 56
16 56
16 58
16 56
16 56
16 56
16 56
16 58
16 58
16 60
16 56
16 56
16 56
16 60
16 60
16 58
16 58
16 56
16 56
16 58
16 60
16 56
16 56
16 58
16 58
16 56
16 58
16 56
16 58
16 58
16 56
16 58
16 54
16 56
16 58
16 54
16 56
16 60
16 60
16 58
16 56
16 56
16 56
16 58
16 62
16 56
16 56
16 56
16 56
16 58
16 58
16 58
16 58
16 56
16 56
16 56
16 58
16 56
16 56
16 56
16 58
16 58
16 58
16 56
16 60
16 58
16 58
16 56
16 54
16 58
16 58
16 56
16 60
16 60
16 58
16 56
16 56
16 58
17 232
17 262
17 246
17 246
17 248
17 248
17 246
17 246
17 248
17 248
17 246
17 246
17 246
17 246
17 250
17 250
17 248
17 246
17 248
17 248
17 246
17 242
17 248
17 246
17 246
17 246
17 248
17 246
17 246
17 246
17 244
17 246
17 244
17 246
17 246
17 246
17 244
17 248
17 248
17 244
17 246
17 246
17 250
17 246
17 248
17 250
17 248
17 246
17 248
17 246
17 248
17 248
17 246
17 246
17 246
17 246
17 246
17 246
17 246
17 248
17 248
17 246
17 246
17 248
17 246
17 248
17 246
17 248
17 246
17 246
17 248
17 248
17 248
17 246
17 244
17 246
17 246
17 244
17 246
17 248
17 246
17 248
17 246
17 246
17 248
17 248
17 244
17 244
17 244
17 244
17 244
17 248
17 246
17 250
17 244
17 246
17 248
17 250
17 250
17 246
18 228
18 56
18 56
18 56
18 56
18 58
18 56
18 56
18 58
18 58
18 58
18 58
18 56
18 54
18 56
18 60
18 58
18 56
18 58
18 56
18 56
18 56
18 58
18 56
18 58
18 58
18 56
18 58
18 58
18 58
18 56
18 58
18 56
18 56
18 58
18 54
18 56
18 56
18 58
18 54
18 56
18 58
18 56
18 56
18 58
18 58
18 58
18 60
18 56
18 56
18 54
18 56
18 58
18 56
18 58
18 56
18 58
18 56
18 58
18 58
18 56
18 56
18 58
18 58
18 56
18 60
18 58
18 56
18 60
18 54
18 56
18 56
18 60
18 56
18 56
18 58
18 58
18 58
18 54
18 58
18 56
18 60
18 58
18 56
18 56
18 56
18 58
18 56
18 56
18 56
18 56
18 58
18 56
18 58
18 56
18 58
18 56
18 58
18 56
18 56
19 224
19 236
19 54
19 56
19 54
19 54
19 56
19 58
19 52
19 54
19 52
19 54
19 52
19 56
19 54
19 56
19 56
19 54
19 54
19 56
19 56
19 58
19 54
19 54
19 54
19 56
19 56
19 56
19 58
19 58
19 54
19 54
19 56
19 54
19 54
19 58
19 58
19 56
19 54
19 54
19 56
19 56
19 54
19 54
19 56
19 56
19 56
19 56
19 54
19 54
19 54
19 54
19 54
19 56
19 54
19 54
19 56
19 56
19 56
19 54
19 54
19 54
19 58
19 56
19 54
19 58
19 56
19 56
19 56
19 56
19 56
19 54
19 56
19 56
19 56
19 54
19 56
19 54
19 56
19 54
19 56
19 56
19 56
19 56
19 54
19 56
19 54
19 56
19 54
19 56
19 54
19 56
19 56
19 58
19 54
19 54
19 54
19 56
19 56
19 54
20 224
20 242
20 222
20 224
20 226
20 224
20 226
20 224
20 226
20 228
20 230
20 224
20 224
20 226
20 226
20 224
20 226
20 226
20 224
20 224
20 222
20 222
20 224
20 222
20 1324
20 224
20 226
20 226
20 224
20 226
20 220
20 224
20 226
20 224
20 228
20 222
20 226
20 226
20 226
20 226
20 224
20 226
20 226
20 224
20 226
20 224
20 226
20 226
20 226
20 1326
20 228
20 224
20 226
20 224
20 226
20 226
20 226
20 224
20 226
20 224
20 226
20 224
20 226
20 224
20 226
20 226
20 224
20 228
20 224
20 226
20 226
20 228
20 224
20 222
20 222
20 224
20 224
20 224
20 224
20 222
20 226
20 224
20 226
20 222
20 224
20 224
20 226
20 224
20 222
20 222
20 226
20 224
20 224
20 228
20 226
20 224
20 226
20 224
20 228
20 1446
21 226
21 54
21 52
21 52
21 52
21 52
21 54
21 54
21 54
21 54
21 54
21 54
21 52
21 52
21 54
21 54
21 54
21 52
21 52
21 54
21 54
21 56
21 52
21 56
21 52
21 52
21 52
21 52
21 54
21 54
21 54
21 54
21 56
21 52
21 54
21 54
21 54
21 52
21 52
21 52
21 52
21 54
21 56
21 54
21 54
21 52
21 54
21 54
21 52
21 50
21 52
21 54
21 52
21 54
21 52
21 52
21 52
21 54
21 54
21 54
21 52
21 52
21 52
21 54
21 52
21 54
21 52
21 54
21 52
21 54
21 54
21 52
21 54
21 54
21 54
21 54
21 54
21 52
21 54
21 52
21 54
21 54
21 52
21 54
21 54
21 54
21 54
21 54
21 54
21 52
21 54
21 54
21 52
21 54
21 52
21 56
21 54
21 54
21 54
21 54
22 56
22 54
22 52
22 56
22 58
22 56
22 58
22 60
22 54
22 56
22 58
22 58
22 56
22 60
22 56
22 58
22 58
22 54
22 56
22 58
22 58
22 58
22 56
22 58
22 58
22 58
22 54
22 58
22 58
22 56
22 58
22 56
22 58
22 58
22 56
22 58
22 58
22 58
22 58
22 56
22 56
22 58
22 58
22 58
22 58
22 58
22 58
22 58
22 58
22 58
22 58
22 58
22 56
22 56
22 58
22 56
22 58
22 58
22 60
22 58
22 58
22 56
22 58
22 56
22 56
22 56
22 58
22 58
22 58
22 56
22 56
22 58
22 58
22 58
22 56
22 58
22 58
22 54
22 58
22 56
22 58
22 60
22 58
22 60
22 58
22 58
22 58
22 56
22 56
22 54
22 60
22 56
22 56
22 58
22 56
22 58
22 58
22 58
22 56
22 58
23 284
23 246
23 248
23 248
23 248
23 246
23 248
23 250
23 246
23 246
23 250
23 244
23 246
23 246
23 246
23 246
23 244
23 250
23 244
23 244
23 246
23 246
23 246
23 248
23 248
23 248
23 248
23 248
23 248
23 246
23 246
23 248
23 248
23 248
23 248
23 1244
23 248
23 246
23 248
23 248
23 248
23 248
23 248
23 246
23 246
23 248
23 246
23 248
23 250
23 248
23 246
23 246
23 246
23 246
23 1198
23 250
23 246
23 250
23 246
23 248
23 244
23 248
23 246
23 250
23 244
23 248
23 248
23 248
23 248
23 246
23 246
23 246
23 246
23 1212
23 248
23 248
23 248
23 248
23 244
23 248
23 248
23 248
23 248
23 244
23 246
23 248
23 246
23 246
23 246
23 54
23 54
23 54
23 56
23 56
23 54
23 54
23 54
23 54
23 54
23 54
24 56
24 56
24 56
24 58
24 58
24 58
24 58
24 58
24 58
24 58
24 58
24 58
24 58
24 58
24 60
24 58
24 58
24 58
24 58
24 58
24 54
24 58
24 58
24 58
24 58
24 58
24 58
24 58
24 58
24 58
24 58
24 56
24 60
24 58
24 58
24 58
24 58
24 58
24 58
24 60
24 58
24 58
24 58
24 58
24 58
24 58
24 58
24 58
24 58
24 58
24 58
24 58
24 58
24 58
24 58
24 60
24 58
24 58
24 58
24 60
24 58
24 58
24 58
24 58
24 58
24 60
24 58
24 60
24 58
24 58
24 58
24 56
24 58
24 58
24 56
24 58
24 58
24 58
24 56
24 58
24 60
24 60
24 58
24 58
24 58
24 58
24 60
24 58
24 56
24 56
24 58
24 58
24 56
24 58
24 58
24 60
24 58
24 58
24 58
24 58
