5 50
5 38
5 36
5 38
5 36
5 38
5 38
5 36
5 38
5 36
5 36
5 36
5 36
5 36
5 36
5 38
5 38
5 38
5 36
5 38
5 38
5 38
5 38
5 38
5 36
5 38
5 36
5 38
5 38
5 38
5 36
5 38
5 40
5 36
5 36
5 38
5 36
5 38
5 38
5 38
5 38
5 38
5 34
5 38
5 38
5 38
5 38
5 38
5 36
5 38
5 36
5 36
5 38
5 36
5 36
5 36
5 38
5 36
5 38
5 38
5 38
5 38
5 38
5 36
5 36
5 38
5 38
5 36
5 38
5 36
5 38
5 38
5 36
5 36
5 36
5 36
5 38
5 38
5 36
5 38
5 38
5 36
5 38
5 38
5 36
5 40
5 38
5 38
5 38
5 36
5 36
5 34
5 38
5 36
5 38
5 40
5 38
5 36
5 38
5 38
6 38
6 36
6 38
6 38
6 36
6 36
6 38
6 36
6 38
6 38
6 38
6 36
6 38
6 40
6 38
6 38
6 38
6 38
6 36
6 38
6 38
6 36
6 36
6 38
6 38
6 38
6 38
6 38
6 36
6 34
6 38
6 38
6 36
6 38
6 40
6 38
6 34
6 38
6 40
6 38
6 38
6 38
6 36
6 36
6 40
6 38
6 36
6 38
6 36
6 38
6 42
6 38
6 36
6 38
6 36
6 36
6 38
6 38
6 38
6 38
6 36
6 38
6 38
6 36
6 38
6 38
6 38
6 38
6 38
6 38
6 38
6 38
6 38
6 38
6 40
6 38
6 38
6 40
6 38
6 40
6 36
6 38
6 38
6 38
6 40
6 38
6 40
6 36
6 40
6 36
6 36
6 36
6 38
6 38
6 38
6 38
6 38
6 38
6 38
6 36
7 48
7 48
7 48
7 48
7 48
7 48
7 48
7 48
7 48
7 48
7 50
7 48
7 48
7 48
7 48
7 50
7 48
7 48
7 48
7 50
7 48
7 48
7 48
7 48
7 48
7 50
7 48
7 48
7 48
7 48
7 50
7 50
7 50
7 50
7 48
7 48
7 48
7 48
7 50
7 50
7 48
7 50
7 48
7 48
7 48
7 48
7 48
7 48
7 46
7 50
7 48
7 48
7 48
7 50
7 48
7 48
7 50
7 48
7 48
7 48
7 46
7 48
7 48
7 46
7 50
7 48
7 46
7 50
7 48
7 50
7 48
7 50
7 48
7 46
7 48
7 48
7 50
7 46
7 46
7 48
7 48
7 50
7 50
7 46
7 48
7 48
7 48
7 48
7 48
7 48
7 48
7 50
7 46
7 46
7 46
7 46
7 46
7 46
7 50
7 48
8 56
8 56
8 54
8 58
8 56
8 56
8 56
8 56
8 56
8 58
8 58
8 56
8 56
8 56
8 56
8 56
8 58
8 58
8 56
8 56
8 56
8 56
8 54
8 54
8 54
8 56
8 56
8 58
8 56
8 54
8 56
8 54
8 58
8 56
8 58
8 54
8 56
8 56
8 56
8 56
8 58
8 56
8 58
8 58
8 56
8 56
8 58
8 58
8 58
8 58
8 56
8 56
8 60
8 56
8 58
8 56
8 56
8 56
8 56
8 58
8 58
8 58
8 56
8 56
8 58
8 58
8 58
8 54
8 56
8 58
8 58
8 56
8 54
8 56
8 56
8 58
8 60
8 58
8 56
8 58
8 56
8 56
8 58
8 56
8 56
8 56
8 56
8 58
8 58
8 58
8 58
8 54
8 54
8 56
8 58
8 58
8 56
8 58
8 56
8 58
9 50
9 50
9 50
9 50
9 50
9 50
9 50
9 48
9 48
9 48
9 48
9 50
9 48
9 52
9 48
9 48
9 48
9 50
9 48
9 52
9 50
9 50
9 50
9 48
9 50
9 50
9 50
9 50
9 48
9 50
9 52
9 50
9 50
9 50
9 48
9 50
9 48
9 50
9 50
9 50
9 48
9 48
9 50
9 48
9 50
9 50
9 50
9 50
9 50
9 50
9 50
9 50
9 48
9 50
9 48
9 50
9 52
9 50
9 50
9 50
9 50
9 50
9 50
9 50
9 50
9 50
9 50
9 46
9 50
9 52
9 48
9 50
9 50
9 48
9 50
9 50
9 50
9 50
9 48
9 50
9 50
9 50
9 48
9 52
9 48
9 50
9 48
9 50
9 50
9 50
9 50
9 50
9 48
9 50
9 50
9 48
9 50
9 50
9 50
9 50
10 48
10 48
10 48
10 48
10 48
10 50
10 48
10 50
10 50
10 50
10 50
10 48
10 50
10 48
10 50
10 50
10 50
10 50
10 50
10 48
10 50
10 50
10 50
10 48
10 50
10 50
10 50
10 50
10 50
10 50
10 50
10 50
10 50
10 50
10 50
10 48
10 50
10 52
10 48
10 50
10 48
10 50
10 50
10 50
10 52
10 50
10 48
10 50
10 50
10 52
10 50
10 50
10 50
10 50
10 50
10 50
10 50
10 50
10 52
10 50
10 50
10 48
10 50
10 50
10 52
10 48
10 50
10 52
10 50
10 48
10 50
10 50
10 50
10 50
10 48
10 50
10 52
10 50
10 50
10 48
10 50
10 50
10 50
10 48
10 50
10 52
10 48
10 50
10 50
10 52
10 50
10 50
10 50
10 50
10 50
10 50
10 50
10 48
10 50
10 50
11 50
11 48
11 52
11 50
11 54
11 52
11 50
11 50
11 50
11 52
11 52
11 52
11 52
11 52
11 52
11 52
11 52
11 52
11 50
11 50
11 54
11 50
11 52
11 52
11 52
11 50
11 50
11 52
11 52
11 52
11 50
11 52
11 52
11 54
11 52
11 52
11 54
11 52
11 52
11 50
11 50
11 48
11 50
11 52
11 52
11 52
11 52
11 52
11 52
11 50
11 52
11 52
11 50
11 50
11 50
11 50
11 50
11 52
11 52
11 52
11 52
11 50
11 50
11 50
11 50
11 52
11 52
11 52
11 52
11 52
11 50
11 50
11 50
11 52
11 52
11 52
11 50
11 52
11 52
11 52
11 52
11 52
11 50
11 52
11 50
11 50
11 52
11 52
11 52
11 50
11 50
11 52
11 52
11 52
11 52
11 50
11 52
11 52
11 52
11 52
12 50
12 50
12 48
12 50
12 50
12 54
12 54
12 52
12 54
12 54
12 54
12 50
12 50
12 52
12 50
12 52
12 54
12 50
12 50
12 52
12 52
12 52
12 52
12 50
12 54
12 52
12 52
12 52
12 50
12 54
12 52
12 50
12 52
12 52
12 50
12 52
12 52
12 50
12 54
12 54
12 52
12 54
12 50
12 50
12 54
12 52
12 52
12 50
12 54
12 50
12 52
12 52
12 52
12 52
12 52
12 52
12 52
12 52
12 52
12 52
12 50
12 52
12 50
12 50
12 52
12 50
12 52
12 50
12 52
12 52
12 52
12 50
12 54
12 54
12 52
12 54
12 52
12 54
12 54
12 54
12 52
12 54
12 54
12 52
12 52
12 54
12 50
12 50
12 54
12 52
12 52
12 52
12 54
12 52
12 54
12 52
12 54
12 50
12 52
12 54
13 52
13 54
13 50
13 52
13 54
13 54
13 54
13 52
13 54
13 54
13 54
13 52
13 52
13 52
13 54
13 52
13 52
13 52
13 54
13 52
13 52
13 54
13 54
13 52
13 54
13 52
13 54
13 52
13 52
13 52
13 52
13 52
13 54
13 52
13 54
13 52
13 54
13 54
13 54
13 52
13 52
13 52
13 54
13 54
13 52
13 54
13 54
13 52
13 52
13 50
13 52
13 52
13 54
13 54
13 54
13 54
13 54
13 52
13 54
13 52
13 52
13 52
13 54
13 52
13 54
13 54
13 54
13 54
13 54
13 54
13 54
13 54
13 52
13 52
13 52
13 52
13 52
13 52
13 52
13 52
13 52
13 52
13 52
13 52
13 52
13 52
13 52
13 52
13 52
13 52
13 52
13 52
13 54
13 54
13 54
13 54
13 54
13 52
13 52
13 52
14 228
14 252
14 250
14 252
14 248
14 248
14 250
14 252
14 252
14 250
14 252
14 254
14 252
14 250
14 250
14 254
14 250
14 248
14 252
14 252
14 252
14 254
14 252
14 250
14 252
14 250
14 248
14 250
14 248
14 250
14 252
14 250
14 252
14 250
14 248
14 254
14 252
14 254
14 250
14 252
14 252
14 252
14 254
14 254
14 250
14 250
14 252
14 252
14 252
14 250
14 254
14 250
14 250
14 250
14 254
14 250
14 252
14 250
14 254
14 252
14 252
14 252
14 252
14 252
14 250
14 252
14 252
14 254
14 252
14 1436
14 254
14 252
14 252
14 250
14 252
14 250
14 254
14 250
14 250
14 254
14 248
14 250
14 252
14 252
14 254
14 254
14 252
14 1168
14 252
14 252
14 254
14 252
14 248
14 252
14 250
14 250
14 250
14 250
14 252
14 252
15 54
15 54
15 52
15 52
15 54
15 52
15 54
15 50
15 52
15 52
15 52
15 54
15 56
15 52
15 54
15 52
15 54
15 52
15 54
15 54
15 54
15 54
15 54
15 52
15 54
15 52
15 54
15 52
15 54
15 54
15 56
15 52
15 54
15 54
15 52
15 56
15 54
15 54
15 54
15 50
15 52
15 54
15 54
15 54
15 54
15 54
15 56
15 54
15 52
15 52
15 56
15 52
15 52
15 54
15 52
15 54
15 52
15 54
15 52
15 52
15 54
15 56
15 54
15 52
15 54
15 54
15 52
15 56
15 56
15 52
15 50
15 52
15 54
15 54
15 50
15 54
15 52
15 52
15 52
15 52
15 54
15 54
15 52
15 52
15 54
15 52
15 52
15 54
15 52
15 54
15 52
15 56
15 56
15 52
15 50
15 54
15 52
15 52
15 52
15 56
16 228
16 52
16 52
16 54
16 54
16 54
16 56
16 54
16 56
16 56
16 54
16 56
16 56
16 54
16 54
16 56
16 54
16 56
16 54
16 52
16 54
16 52
16 56
16 54
16 56
16 54
16 56
16 54
16 56
16 54
16 54
16 54
16 54
16 54
16 56
16 54
16 54
16 54
16 54
16 56
16 54
16 54
16 54
16 56
16 56
16 54
16 54
16 54
16 54
16 54
16 56
16 52
16 56
16 54
16 56
16 56
16 52
16 54
16 54
16 56
16 56
16 54
16 54
16 58
16 54
16 54
16 56
16 54
16 54
16 56
16 56
16 52
16 56
16 54
16 54
16 54
16 56
16 54
16 54
16 56
16 54
16 54
16 56
16 54
16 56
16 54
16 54
16 56
16 56
16 56
16 54
16 54
16 54
16 58
16 56
16 56
16 54
16 54
16 54
16 54
17 246
17 54
17 54
17 56
17 54
17 56
17 56
17 54
17 56
17 56
17 54
17 54
17 56
17 56
17 56
17 56
17 52
17 54
17 56
17 54
17 56
17 54
17 54
17 56
17 56
17 54
17 56
17 54
17 54
17 56
17 54
17 56
17 56
17 54
17 54
17 58
17 54
17 56
17 54
17 56
17 54
17 56
17 54
17 54
17 54
17 54
17 56
17 54
17 54
17 54
17 56
17 54
17 56
17 54
17 54
17 56
17 54
17 56
17 54
17 54
17 54
17 56
17 56
17 54
17 56
17 56
17 54
17 54
17 54
17 56
17 56
17 54
17 54
17 52
17 54
17 56
17 54
17 56
17 54
17 54
17 58
17 56
17 56
17 54
17 56
17 54
17 54
17 54
17 54
17 56
17 56
17 54
17 54
17 54
17 54
17 54
17 54
17 56
17 56
17 56
18 228
18 48
18 50
18 50
18 52
18 52
18 52
18 52
18 52
18 52
18 52
18 52
18 52
18 52
18 52
18 52
18 52
18 50
18 52
18 50
18 50
18 54
18 52
18 50
18 52
18 52
18 48
18 52
18 52
18 52
18 50
18 52
18 52
18 52
18 50
18 52
18 50
18 52
18 52
18 52
18 52
18 50
18 52
18 50
18 52
18 52
18 50
18 52
18 50
18 52
18 52
18 52
18 50
18 52
18 52
18 50
18 52
18 50
18 52
18 52
18 50
18 52
18 50
18 52
18 52
18 52
18 50
18 52
18 50
18 52
18 52
18 52
18 50
18 52
18 52
18 52
18 52
18 50
18 52
18 52
18 52
18 52
18 48
18 54
18 52
18 52
18 50
18 50
18 52
18 52
18 52
18 50
18 50
18 50
18 50
18 52
18 50
18 48
18 50
18 50
19 286
19 56
19 58
19 54
19 54
19 56
19 56
19 56
19 54
19 56
19 54
19 56
19 56
19 56
19 56
19 54
19 54
19 56
19 54
19 54
19 54
19 54
19 54
19 54
19 54
19 54
19 56
19 56
19 54
19 54
19 56
19 56
19 54
19 56
19 56
19 56
19 56
19 56
19 54
19 56
19 56
19 54
19 56
19 56
19 56
19 54
19 54
19 54
19 56
19 54
19 56
19 56
19 56
19 56
19 54
19 54
19 56
19 54
19 56
19 56
19 56
19 56
19 56
19 54
19 56
19 54
19 54
19 54
19 56
19 54
19 54
19 54
19 54
19 56
19 58
19 56
19 54
19 56
19 56
19 54
19 54
19 56
19 52
19 54
19 54
19 56
19 58
19 56
19 56
19 56
19 56
19 58
19 56
19 56
19 52
19 56
19 56
19 54
19 56
19 54
20 50
20 48
20 50
20 52
20 50
20 50
20 50
20 50
20 48
20 52
20 50
20 50
20 48
20 48
20 48
20 50
20 50
20 50
20 52
20 50
20 48
20 50
20 50
20 50
20 52
20 48
20 50
20 48
20 50
20 48
20 52
20 50
20 50
20 52
20 50
20 48
20 48
20 50
20 48
20 50
20 50
20 50
20 50
20 50
20 48
20 50
20 50
20 50
20 48
20 50
20 50
20 50
20 50
20 50
20 50
20 50
20 50
20 52
20 48
20 48
20 50
20 50
20 50
20 50
20 50
20 50
20 48
20 50
20 50
20 48
20 50
20 50
20 50
20 52
20 48
20 48
20 50
20 50
20 50
20 50
20 50
20 52
20 48
20 50
20 50
20 48
20 50
20 52
20 48
20 50
20 50
20 48
20 50
20 50
20 50
20 50
20 48
20 50
20 50
20 52
21 50
21 50
21 50
21 50
21 50
21 48
21 50
21 50
21 52
21 50
21 50
21 52
21 50
21 50
21 52
21 52
21 52
21 48
21 50
21 50
21 50
21 52
21 50
21 50
21 50
21 50
21 50
21 50
21 54
21 50
21 50
21 50
21 52
21 52
21 50
21 52
21 48
21 50
21 52
21 50
21 50
21 50
21 48
21 50
21 50
21 50
21 48
21 50
21 48
21 50
21 50
21 50
21 52
21 52
21 50
21 50
21 50
21 52
21 52
21 50
21 52
21 48
21 52
21 52
21 50
21 52
21 48
21 52
21 52
21 50
21 48
21 50
21 50
21 52
21 52
21 52
21 50
21 52
21 48
21 48
21 52
21 52
21 48
21 50
21 50
21 52
21 52
21 50
21 50
21 48
21 50
21 50
21 52
21 50
21 50
21 50
21 52
21 50
21 50
21 50
22 48
22 50
22 50
22 52
22 52
22 54
22 52
22 54
22 52
22 54
22 54
22 54
22 52
22 54
22 52
22 54
22 54
22 50
22 52
22 48
22 48
22 52
22 52
22 54
22 54
22 50
22 54
22 54
22 52
22 48
22 54
22 54
22 54
22 52
22 52
22 52
22 50
22 54
22 54
22 54
22 52
22 52
22 52
22 54
22 56
22 54
22 52
22 52
22 52
22 52
22 50
22 52
22 52
22 54
22 52
22 54
22 54
22 52
22 52
22 52
22 52
22 52
22 54
22 54
22 52
22 54
22 54
22 52
22 48
22 56
22 50
22 52
22 54
22 52
22 52
22 52
22 52
22 52
22 50
22 54
22 50
22 50
22 52
22 52
22 52
22 52
22 52
22 52
22 54
22 54
22 52
22 54
22 52
22 52
22 52
22 50
22 54
22 52
22 52
22 50
23 260
23 248
23 248
23 244
23 246
23 248
23 250
23 246
23 248
23 248
23 248
23 250
23 244
23 246
23 248
23 244
23 246
23 246
23 246
23 246
23 248
23 248
23 246
23 248
23 248
23 248
23 248
23 250
23 250
23 248
23 248
23 248
23 248
23 248
23 248
23 248
23 252
23 248
23 248
23 248
23 246
23 244
23 250
23 248
23 248
23 246
23 248
23 244
23 246
23 246
23 246
23 246
23 248
23 248
23 250
23 248
23 250
23 250
23 248
23 244
23 248
23 248
23 248
23 248
23 248
23 248
23 248
23 248
23 248
23 246
23 248
23 248
23 248
23 248
23 246
23 248
23 248
23 244
23 244
23 250
23 248
23 246
23 250
23 750
23 252
23 248
23 56
23 56
23 54
23 56
23 54
23 54
23 54
23 58
23 52
23 56
23 58
23 54
23 56
23 54
24 224
24 54
24 52
24 54
24 56
24 54
24 56
24 54
24 54
24 54
24 54
24 54
24 56
24 54
24 56
24 54
24 54
24 54
24 52
24 54
24 56
24 54
24 54
24 56
24 54
24 56
24 54
24 54
24 56
24 56
24 54
24 54
24 54
24 54
24 56
24 56
24 54
24 54
24 54
24 54
24 54
24 54
24 54
24 54
24 54
24 54
24 54
24 54
24 56
24 54
24 54
24 54
24 56
24 54
24 54
24 54
24 56
24 56
24 54
24 56
24 54
24 54
24 56
24 54
24 54
24 56
24 56
24 54
24 54
24 56
24 54
24 54
24 54
24 54
24 54
24 52
24 56
24 54
24 54
24 54
24 56
24 54
24 54
24 54
24 54
24 56
24 54
24 54
24 52
24 58
24 54
24 56
24 54
24 56
24 56
24 54
24 56
24 54
24 58
24 54
