5 50
5 36
5 38
5 36
5 38
5 38
5 38
5 36
5 38
5 38
6 36
6 36
6 38
6 36
6 36
6 36
6 38
6 36
6 36
6 36
7 38
7 38
7 38
7 36
7 38
7 38
7 36
7 38
7 38
7 52
8 52
8 52
8 52
8 50
8 54
8 54
8 50
8 52
8 52
8 52
9 52
9 54
9 52
9 50
9 54
9 52
9 56
9 56
9 56
9 54
10 50
10 52
10 50
10 50
10 50
10 50
10 50
10 48
10 52
10 50
11 50
11 50
11 50
11 54
11 52
11 52
11 50
11 50
11 52
11 50
12 56
12 56
12 54
12 56
12 54
12 56
12 54
12 52
12 56
12 56
13 56
13 56
13 56
13 58
13 58
13 58
13 56
13 58
13 56
13 58
14 52
14 50
14 50
14 52
14 54
14 52
14 50
14 52
14 52
14 52
15 272
15 48
15 48
15 50
15 48
15 52
15 48
15 50
15 50
15 52
16 50
16 48
16 48
16 48
16 50
16 48
16 52
16 48
16 50
16 48
17 52
17 52
17 52
17 52
17 50
17 52
17 52
17 50
17 52
17 52
18 54
18 48
18 52
18 50
18 50
18 48
18 50
18 50
18 48
18 50
19 52
19 52
19 52
19 52
19 56
19 58
19 58
19 56
19 58
19 60
20 52
20 50
20 52
20 52
20 54
20 50
20 52
20 52
20 52
20 54
21 50
21 52
21 52
21 52
21 54
21 54
21 50
21 52
21 52
21 52
22 56
22 54
22 54
22 56
22 54
22 56
22 54
22 54
22 56
22 56
23 228
23 238
23 240
23 244
23 242
23 244
23 242
23 244
23 246
23 244
24 48
24 48
24 48
24 48
24 50
24 50
24 48
24 48
24 48
24 48
25 56
25 54
25 56
25 54
25 54
25 56
25 52
25 56
25 56
25 56