5 56
5 36
5 38
5 38
5 38
5 38
5 36
5 38
5 36
5 38
6 50
6 50
6 48
6 52
6 50
6 50
6 50
6 48
6 50
6 50
7 50
7 50
7 50
7 50
7 50
7 50
7 52
7 52
7 50
7 52
8 52
8 50
8 50
8 50
8 50
8 48
8 48
8 50
8 50
8 50
9 52
9 52
9 50
9 54
9 52
9 52
9 52
9 52
9 54
9 56
10 52
10 52
10 50
10 52
10 50
10 52
10 50
10 52
10 50
10 50
11 52
11 52
11 52
11 52
11 52
11 54
11 52
11 56
11 54
11 54
12 52
12 56
12 54
12 54
12 54
12 54
12 52
12 54
12 54
12 52
13 50
13 50
13 50
13 50
13 50
13 50
13 50
13 50
13 50
13 50
14 56
14 56
14 56
14 56
14 54
14 56
14 54
14 56
14 54
14 56
15 54
15 52
15 54
15 56
15 54
15 58
15 58
15 56
15 56
15 56
16 52
16 54
16 54
16 56
16 56
16 54
16 52
16 54
16 56
16 54
17 48
17 50
17 50
17 52
17 54
17 54
17 52
17 52
17 52
17 50
18 52
18 52
18 54
18 52
18 54
18 52
18 54
18 54
18 52
18 54
19 50
19 48
19 48
19 50
19 50
19 50
19 50
19 50
19 52
19 48
20 54
20 50
20 54
20 52
20 54
20 52
20 52
20 50
20 52
20 52
21 50
21 50
21 52
21 52
21 52
21 52
21 54
21 52
21 52
21 50
22 54
22 56
22 52
22 56
22 54
22 54
22 56
22 54
22 56
22 54
23 218
23 242
23 242
23 244
23 242
23 242
23 242
23 240
23 242
23 242
24 48
24 50
24 50
24 50
24 50
24 50
24 52
24 50
24 50
24 50
25 234
25 54
25 54
25 58
25 60
25 58
25 60
25 58
25 58
25 60
