5 48
5 38
5 36
5 36
5 36
5 36
5 36
5 38
5 38
5 36
6 48
6 50
6 50
6 50
6 50
6 50
6 50
6 50
6 50
6 48
7 54
7 52
7 54
7 54
7 54
7 54
7 54
7 54
7 54
7 56
8 54
8 54
8 56
8 56
8 54
8 54
8 58
8 58
8 54
8 56
9 56
9 54
9 54
9 56
9 58
9 58
9 58
9 58
9 60
9 60
10 48
10 48
10 48
10 48
10 48
10 48
10 48
10 46
10 46
10 46
11 230
11 48
11 48
11 48
11 50
11 50
11 50
11 50
11 48
11 50
12 56
12 50
12 50
12 50
12 50
12 50
12 52
12 52
12 52
12 52
13 50
13 48
13 48
13 46
13 50
13 50
13 48
13 50
13 50
13 48
14 56
14 54
14 54
14 54
14 54
14 54
14 56
14 56
14 56
14 56
15 48
15 50
15 50
15 50
15 48
15 50
15 50
15 50
15 52
15 48
16 270
16 52
16 50
16 50
16 50
16 50
16 50
16 48
16 50
16 50
17 56
17 56
17 56
17 52
17 58
17 58
17 60
17 60
17 58
17 58
18 50
18 50
18 48
18 50
18 50
18 50
18 52
18 50
18 50
18 50
19 52
19 52
19 54
19 52
19 52
19 50
19 52
19 52
19 54
19 50
20 244
20 56
20 56
20 56
20 56
20 54
20 52
20 56
20 54
20 56
21 300
21 48
21 48
21 50
21 48
21 52
21 50
21 52
21 54
21 52
22 270
22 48
22 50
22 50
22 50
22 48
22 48
22 48
22 50
22 50
23 52
23 54
23 52
23 56
23 56
23 56
23 58
23 54
23 58
23 56
24 230
24 54
24 52
24 52
24 54
24 54
24 54
24 54
24 54
24 54
25 226
25 58
25 54
25 56
25 54
25 60
25 58
25 60
25 60
25 60