5 62
5 36
5 36
5 36
5 36
5 38
5 34
5 38
5 38
5 38
5 36
5 36
5 36
5 36
5 36
5 36
5 36
5 34
5 38
5 38
5 38
5 36
5 36
5 36
5 38
5 36
5 36
5 36
5 36
5 36
5 36
5 36
5 36
5 36
5 38
5 38
5 38
5 38
5 38
5 38
5 38
5 36
5 36
5 36
5 36
5 38
5 36
5 36
5 36
5 36
5 38
5 38
5 38
5 38
5 38
5 38
5 36
5 36
5 38
5 34
5 38
5 38
5 38
5 36
5 38
5 36
5 38
5 40
5 38
5 34
5 38
5 36
5 38
5 34
5 38
5 36
5 38
5 38
5 36
5 38
5 38
5 36
5 36
5 38
5 38
5 38
5 38
5 38
5 36
5 34
5 36
5 38
5 36
5 38
5 36
5 38
5 36
5 38
5 38
5 40
6 56
6 54
6 54
6 56
6 56
6 58
6 56
6 56
6 56
6 56
6 54
6 56
6 56
6 56
6 56
6 56
6 58
6 56
6 56
6 58
6 58
6 58
6 56
6 54
6 58
6 56
6 56
6 54
6 56
6 56
6 58
6 58
6 58
6 56
6 56
6 56
6 58
6 58
6 56
6 60
6 58
6 56
6 56
6 56
6 58
6 56
6 56
6 56
6 58
6 54
6 56
6 56
6 56
6 56
6 60
6 58
6 56
6 54
6 56
6 56
6 56
6 56
6 56
6 56
6 56
6 54
6 58
6 58
6 58
6 56
6 56
6 56
6 58
6 56
6 56
6 60
6 54
6 58
6 56
6 56
6 56
6 58
6 56
6 56
6 58
6 56
6 58
6 58
6 56
6 56
6 58
6 60
6 54
6 58
6 56
6 56
6 58
6 56
6 56
6 56
7 54
7 54
7 56
7 54
7 56
7 54
7 54
7 56
7 56
7 56
7 58
7 56
7 56
7 54
7 54
7 54
7 54
7 56
7 56
7 52
7 52
7 54
7 54
7 54
7 54
7 54
7 56
7 54
7 56
7 54
7 54
7 56
7 54
7 56
7 54
7 54
7 54
7 54
7 56
7 56
7 56
7 56
7 54
7 54
7 56
7 54
7 54
7 54
7 54
7 56
7 56
7 56
7 56
7 56
7 56
7 54
7 54
7 54
7 56
7 56
7 54
7 56
7 58
7 56
7 56
7 58
7 56
7 56
7 54
7 54
7 52
7 56
7 56
7 56
7 58
7 56
7 58
7 56
7 56
7 56
7 54
7 54
7 54
7 56
7 56
7 56
7 56
7 56
7 56
7 58
7 56
7 54
7 54
7 54
7 56
7 54
7 54
7 56
7 58
7 56
8 48
8 46
8 54
8 48
8 52
8 46
8 48
8 48
8 48
8 48
8 52
8 50
8 48
8 48
8 48
8 50
8 46
8 50
8 48
8 48
8 46
8 52
8 52
8 50
8 52
8 52
8 50
8 52
8 50
8 52
8 52
8 50
8 52
8 54
8 48
8 48
8 52
8 48
8 50
8 52
8 48
8 54
8 48
8 52
8 50
8 52
8 52
8 52
8 52
8 50
8 54
8 50
8 52
8 52
8 50
8 52
8 52
8 50
8 50
8 50
8 50
8 52
8 52
8 52
8 52
8 52
8 50
8 54
8 50
8 52
8 52
8 52
8 52
8 50
8 52
8 50
8 52
8 54
8 50
8 52
8 52
8 50
8 50
8 52
8 52
8 52
8 52
8 52
8 52
8 50
8 52
8 54
8 52
8 52
8 50
8 54
8 52
8 50
8 50
8 54
9 54
9 56
9 56
9 56
9 56
9 56
9 52
9 56
9 54
9 56
9 56
9 56
9 54
9 54
9 54
9 56
9 54
9 58
9 54
9 54
9 56
9 56
9 56
9 56
9 56
9 54
9 56
9 56
9 56
9 54
9 54
9 56
9 54
9 54
9 54
9 56
9 54
9 56
9 54
9 56
9 54
9 56
9 56
9 56
9 54
9 54
9 56
9 54
9 54
9 56
9 54
9 54
9 54
9 56
9 54
9 54
9 56
9 56
9 54
9 54
9 56
9 54
9 56
9 54
9 56
9 56
9 56
9 56
9 54
9 56
9 54
9 54
9 56
9 54
9 54
9 56
9 54
9 54
9 54
9 54
9 56
9 54
9 54
9 56
9 54
9 54
9 54
9 56
9 54
9 54
9 54
9 54
9 54
9 54
9 54
9 54
9 56
9 54
9 56
9 54
10 56
10 56
10 56
10 58
10 56
10 56
10 56
10 56
10 58
10 58
10 56
10 56
10 58
10 56
10 56
10 56
10 56
10 58
10 56
10 58
10 56
10 58
10 56
10 54
10 54
10 56
10 58
10 54
10 56
10 56
10 54
10 56
10 56
10 58
10 56
10 56
10 56
10 58
10 56
10 58
10 56
10 58
10 56
10 56
10 58
10 56
10 58
10 56
10 56
10 54
10 56
10 58
10 56
10 56
10 58
10 58
10 56
10 56
10 56
10 56
10 56
10 56
10 58
10 56
10 56
10 56
10 56
10 58
10 56
10 58
10 58
10 58
10 56
10 56
10 56
10 58
10 56
10 58
10 56
10 56
10 56
10 56
10 58
10 56
10 56
10 56
10 56
10 58
10 58
10 56
10 56
10 58
10 58
10 58
10 58
10 58
10 56
10 56
10 56
10 56
11 52
11 50
11 52
11 50
11 52
11 52
11 54
11 50
11 54
11 52
11 50
11 52
11 52
11 50
11 50
11 52
11 52
11 54
11 50
11 50
11 52
11 52
11 52
11 52
11 50
11 50
11 50
11 50
11 52
11 52
11 52
11 50
11 52
11 52
11 54
11 52
11 54
11 50
11 52
11 52
11 54
11 52
11 54
11 52
11 52
11 54
11 54
11 54
11 54
11 50
11 54
11 50
11 52
11 52
11 52
11 52
11 54
11 52
11 54
11 52
11 54
11 52
11 52
11 54
11 54
11 52
11 54
11 50
11 50
11 50
11 52
11 50
11 52
11 52
11 54
11 54
11 54
11 54
11 52
11 52
11 52
11 50
11 52
11 50
11 52
11 52
11 52
11 52
11 52
11 52
11 54
11 54
11 52
11 54
11 54
11 52
11 52
11 52
11 52
11 52
12 50
12 50
12 50
12 50
12 54
12 54
12 56
12 52
12 54
12 56
12 54
12 52
12 54
12 54
12 54
12 54
12 54
12 52
12 52
12 54
12 52
12 56
12 52
12 54
12 54
12 54
12 52
12 50
12 54
12 52
12 54
12 54
12 54
12 52
12 56
12 52
12 54
12 54
12 54
12 52
12 54
12 52
12 52
12 54
12 52
12 54
12 56
12 52
12 52
12 54
12 54
12 52
12 54
12 52
12 54
12 56
12 54
12 50
12 52
12 54
12 52
12 56
12 54
12 56
12 54
12 54
12 56
12 54
12 54
12 54
12 56
12 52
12 56
12 54
12 52
12 54
12 52
12 54
12 52
12 54
12 54
12 54
12 54
12 54
12 54
12 56
12 54
12 52
12 54
12 54
12 54
12 54
12 54
12 52
12 54
12 54
12 52
12 56
12 54
12 52
13 224
13 52
13 52
13 52
13 52
13 52
13 54
13 54
13 54
13 52
13 54
13 54
13 54
13 52
13 54
13 52
13 54
13 52
13 54
13 54
13 52
13 52
13 52
13 54
13 54
13 52
13 54
13 54
13 52
13 54
13 52
13 52
13 52
13 50
13 52
13 52
13 52
13 54
13 54
13 54
13 52
13 54
13 54
13 54
13 52
13 52
13 52
13 52
13 52
13 54
13 52
13 52
13 54
13 54
13 54
13 54
13 56
13 54
13 56
13 52
13 54
13 52
13 52
13 54
13 52
13 54
13 52
13 50
13 54
13 54
13 52
13 54
13 54
13 54
13 54
13 54
13 52
13 52
13 52
13 52
13 54
13 54
13 56
13 54
13 54
13 54
13 54
13 52
13 52
13 54
13 52
13 54
13 54
13 52
13 52
13 54
13 54
13 54
13 54
13 54
14 50
14 50
14 50
14 48
14 50
14 50
14 48
14 50
14 52
14 48
14 48
14 48
14 52
14 52
14 52
14 50
14 50
14 50
14 52
14 52
14 52
14 50
14 46
14 52
14 48
14 48
14 50
14 52
14 48
14 50
14 50
14 46
14 48
14 50
14 52
14 52
14 52
14 50
14 52
14 50
14 50
14 50
14 50
14 52
14 52
14 50
14 48
14 52
14 52
14 50
14 50
14 50
14 50
14 50
14 52
14 50
14 50
14 48
14 52
14 48
14 50
14 52
14 50
14 52
14 50
14 52
14 50
14 50
14 52
14 48
14 54
14 52
14 48
14 48
14 52
14 50
14 50
14 50
14 50
14 50
14 50
14 50
14 54
14 50
14 50
14 50
14 52
14 50
14 52
14 50
14 50
14 50
14 52
14 48
14 50
14 52
14 52
14 50
14 50
14 50
15 238
15 54
15 56
15 54
15 56
15 54
15 54
15 54
15 58
15 54
15 56
15 56
15 56
15 54
15 56
15 56
15 54
15 56
15 56
15 56
15 54
15 56
15 54
15 56
15 62
15 54
15 54
15 54
15 56
15 56
15 56
15 54
15 52
15 56
15 54
15 54
15 56
15 54
15 56
15 54
15 54
15 54
15 54
15 54
15 54
15 54
15 56
15 54
15 56
15 54
15 54
15 56
15 56
15 56
15 52
15 54
15 54
15 56
15 54
15 52
15 56
15 54
15 54
15 56
15 56
15 54
15 56
15 56
15 54
15 54
15 54
15 54
15 54
15 56
15 56
15 56
15 54
15 54
15 58
15 54
15 56
15 54
15 54
15 54
15 56
15 54
15 56
15 54
15 56
15 54
15 56
15 54
15 56
15 54
15 54
15 56
15 54
15 56
15 54
15 54
16 270
16 56
16 52
16 58
16 56
16 56
16 58
16 58
16 56
16 56
16 58
16 56
16 56
16 58
16 58
16 58
16 58
16 58
16 56
16 58
16 56
16 56
16 56
16 56
16 56
16 58
16 56
16 56
16 58
16 56
16 56
16 58
16 58
16 56
16 56
16 56
16 56
16 56
16 56
16 56
16 56
16 58
16 58
16 56
16 56
16 56
16 56
16 58
16 52
16 58
16 58
16 56
16 56
16 56
16 58
16 56
16 56
16 54
16 56
16 56
16 56
16 58
16 56
16 56
16 58
16 58
16 56
16 56
16 58
16 58
16 58
16 56
16 56
16 58
16 54
16 58
16 56
16 56
16 54
16 54
16 56
16 60
16 56
16 56
16 56
16 56
16 56
16 56
16 56
16 58
16 58
16 54
16 56
16 58
16 58
16 56
16 56
16 58
16 56
16 58
17 226
17 54
17 56
17 56
17 54
17 54
17 52
17 54
17 54
17 54
17 54
17 54
17 54
17 54
17 54
17 54
17 56
17 56
17 56
17 56
17 56
17 56
17 54
17 56
17 56
17 54
17 56
17 56
17 56
17 54
17 56
17 56
17 54
17 54
17 54
17 56
17 54
17 54
17 56
17 56
17 54
17 56
17 54
17 54
17 54
17 56
17 54
17 56
17 56
17 54
17 54
17 56
17 54
17 54
17 56
17 54
17 54
17 52
17 56
17 54
17 56
17 52
17 54
17 52
17 56
17 56
17 56
17 56
17 54
17 54
17 56
17 54
17 52
17 56
17 54
17 56
17 54
17 56
17 54
17 56
17 54
17 54
17 54
17 56
17 54
17 56
17 56
17 56
17 56
17 54
17 56
17 54
17 54
17 56
17 52
17 54
17 54
17 54
17 54
17 54
18 54
18 56
18 54
18 58
18 58
18 58
18 58
18 58
18 60
18 56
18 56
18 58
18 60
18 58
18 58
18 56
18 60
18 60
18 56
18 58
18 56
18 56
18 58
18 58
18 58
18 58
18 58
18 56
18 56
18 56
18 56
18 58
18 60
18 58
18 56
18 56
18 56
18 58
18 58
18 58
18 58
18 58
18 58
18 58
18 58
18 58
18 56
18 58
18 56
18 56
18 58
18 56
18 56
18 56
18 58
18 58
18 60
18 58
18 56
18 56
18 58
18 58
18 60
18 60
18 58
18 56
18 58
18 58
18 58
18 58
18 56
18 56
18 58
18 56
18 58
18 58
18 58
18 56
18 58
18 58
18 60
18 58
18 58
18 58
18 56
18 60
18 54
18 56
18 58
18 56
18 58
18 58
18 60
18 58
18 58
18 58
18 56
18 56
18 58
18 56
19 54
19 54
19 56
19 54
19 56
19 54
19 56
19 56
19 56
19 56
19 54
19 54
19 54
19 56
19 54
19 56
19 56
19 54
19 54
19 54
19 58
19 58
19 56
19 54
19 56
19 54
19 56
19 56
19 54
19 54
19 54
19 56
19 56
19 56
19 56
19 56
19 54
19 58
19 56
19 56
19 60
19 56
19 54
19 56
19 56
19 54
19 56
19 54
19 56
19 56
19 54
19 54
19 56
19 56
19 56
19 54
19 56
19 56
19 54
19 54
19 54
19 56
19 54
19 56
19 54
19 54
19 56
19 56
19 54
19 54
19 54
19 56
19 54
19 54
19 54
19 54
19 54
19 54
19 56
19 56
19 56
19 54
19 56
19 52
19 56
19 56
19 54
19 54
19 52
19 56
19 56
19 56
19 56
19 56
19 54
19 56
19 56
19 54
19 54
19 54
20 50
20 52
20 52
20 52
20 54
20 52
20 56
20 52
20 54
20 54
20 56
20 54
20 54
20 54
20 54
20 54
20 56
20 54
20 56
20 52
20 52
20 54
20 54
20 54
20 56
20 52
20 56
20 52
20 56
20 54
20 54
20 56
20 52
20 54
20 54
20 52
20 52
20 54
20 54
20 52
20 54
20 52
20 52
20 56
20 52
20 56
20 52
20 56
20 54
20 54
20 54
20 54
20 52
20 56
20 54
20 54
20 52
20 52
20 54
20 54
20 54
20 52
20 54
20 54
20 56
20 56
20 54
20 52
20 56
20 52
20 54
20 56
20 52
20 54
20 56
20 52
20 54
20 54
20 54
20 52
20 56
20 52
20 54
20 54
20 52
20 56
20 52
20 56
20 56
20 56
20 54
20 56
20 52
20 54
20 56
20 52
20 54
20 54
20 54
20 56
21 290
21 56
21 56
21 56
21 54
21 56
21 56
21 54
21 56
21 56
21 56
21 56
21 54
21 52
21 54
21 56
21 54
21 54
21 56
21 56
21 54
21 54
21 52
21 56
21 56
21 56
21 56
21 54
21 56
21 58
21 58
21 54
21 54
21 52
21 54
21 56
21 54
21 56
21 56
21 54
21 54
21 54
21 54
21 54
21 56
21 54
21 56
21 52
21 54
21 56
21 54
21 52
21 54
21 56
21 54
21 54
21 52
21 56
21 58
21 56
21 56
21 56
21 56
21 54
21 56
21 56
21 56
21 56
21 56
21 56
21 54
21 56
21 54
21 54
21 52
21 56
21 56
21 54
21 56
21 54
21 56
21 56
21 54
21 54
21 54
21 54
21 54
21 56
21 54
21 54
21 56
21 56
21 56
21 54
21 54
21 54
21 56
21 58
21 54
21 54
22 54
22 52
22 54
22 54
22 54
22 56
22 54
22 56
22 56
22 54
22 54
22 54
22 56
22 54
22 54
22 54
22 52
22 54
22 54
22 56
22 54
22 52
22 52
22 54
22 56
22 56
22 54
22 54
22 56
22 54
22 54
22 56
22 54
22 56
22 54
22 56
22 54
22 56
22 54
22 54
22 54
22 56
22 56
22 54
22 56
22 56
22 54
22 54
22 54
22 54
22 56
22 54
22 54
22 56
22 54
22 54
22 56
22 54
22 56
22 54
22 54
22 56
22 54
22 54
22 56
22 56
22 54
22 56
22 54
22 58
22 56
22 56
22 56
22 56
22 54
22 54
22 54
22 54
22 56
22 54
22 54
22 54
22 54
22 56
22 56
22 54
22 54
22 54
22 54
22 56
22 54
22 54
22 56
22 54
22 56
22 54
22 54
22 54
22 54
22 56
23 54
23 54
23 56
23 54
23 56
23 56
23 54
23 56
23 54
23 54
23 54
23 54
23 56
23 56
23 54
23 56
23 54
23 54
23 54
23 56
23 54
23 56
23 56
23 54
23 52
23 56
23 54
23 56
23 54
23 54
23 54
23 56
23 54
23 54
23 54
23 54
23 54
23 54
23 56
23 54
23 54
23 54
23 54
23 54
23 52
23 56
23 54
23 56
23 54
23 56
23 56
23 56
23 54
23 54
23 54
23 54
23 54
23 56
23 54
23 54
23 54
23 54
23 56
23 54
23 56
23 56
23 54
23 56
23 56
23 56
23 54
23 56
23 54
23 54
23 54
23 54
23 54
23 54
23 52
23 54
23 54
23 54
23 54
23 56
23 54
23 52
23 54
23 54
23 52
23 56
23 54
23 58
23 56
23 56
23 52
23 54
23 54
23 54
23 56
23 54
24 54
24 56
24 54
24 56
24 56
24 56
24 56
24 54
24 56
24 56
24 54
24 56
24 56
24 58
24 56
24 56
24 56
24 56
24 58
24 56
24 56
24 54
24 56
24 58
24 56
24 58
24 56
24 56
24 58
24 58
24 56
24 56
24 56
24 56
24 56
24 56
24 58
24 56
24 56
24 56
24 56
24 56
24 56
24 58
24 56
24 58
24 58
24 58
24 56
24 56
24 58
24 56
24 58
24 58
24 58
24 56
24 54
24 58
24 58
24 56
24 56
24 56
24 56
24 56
24 56
24 56
24 56
24 56
24 58
24 58
24 56
24 58
24 56
24 56
24 56
24 56
24 60
24 56
24 58
24 56
24 56
24 56
24 56
24 56
24 56
24 58
24 56
24 56
24 56
24 58
24 58
24 56
24 58
24 56
24 56
24 56
24 56
24 58
24 56
24 56
