     16384 31
     20480 31
     24576 31
     28672 31
     32768 31
     40960 31
     49152 31
     57344 31
     65536 31
     81920 31
     98304 31
    114688 31
    131072 31
    163840 31
    196608 31
    229376 31
    262144 31
    327680 31
    393216 31
    458752 31
    524288 31
    655360 31
    786432 31
    917504 31
   1048576 31
   1310720 32
   1572864 31
   1835008 31
   2097152 31
   2621440 43
   3145728 45
   3670016 44
   4194304 48
   5242880 50
   6291456 53
   7340032 56
   8388608 56
  10485760 58
  12582912 90
  14680064 65
  16777216 82
  20971520 90
  25165824 126
  29360128 138