 16384 27
     20480 27
     24576 28
     28672 28
     32768 27
     40960 27
     49152 28
     57344 27
     65536 27
     81920 27
     98304 27
    114688 27
    131072 28
    163840 28
    196608 27
    229376 28
    262144 28
    327680 31
    393216 32
    458752 34
    524288 35
    655360 36
    786432 37
    917504 38
   1048576 39
   1310720 39
   1572864 40
   1835008 40
   2097152 40
   2621440 40
   3145728 41
   3670016 41
   4194304 41
   5242880 41
   6291456 41
   7340032 47
   8388608 65
  10485760 89
  12582912 132
  14680064 137
  16777216 150
  20971520 179
  25165824 192
  29360128 204