     16384   2.209
     20480   2.208
     24576   2.209
     28672   2.214
     32768   2.234
     40960   5.104
     49152   6.811
     57344   8.111
     65536   8.981
     81920  10.098
     98304  10.884
    114688  11.542
    131072  11.911
    163840  12.498
    196608  12.863
    229376  13.086
    262144  13.353
    327680  13.603
    393216  13.771
    458752  13.938
    524288  14.047
    655360  14.164
    786432  14.259
    917504  14.323
   1048576  14.367
   1310720  14.445
   1572864  14.491
   1835008  14.533
   2097152  14.600
   2621440  22.932
   3145728  27.991
   3670016  31.548
   4194304  34.214
   5242880  37.946
   6291456  40.368
   7340032  42.087
