     16384   2.664
     20480   2.663
     24576   2.663
     28672   2.664
     32768   2.664
     40960   2.665
     49152   2.680
     57344   3.570
     65536   4.177
     81920   5.092
     98304   5.533
    114688   5.931
    131072   6.208
    163840   6.546
    196608   6.802
    229376   6.950
    262144   7.084
    327680   7.287
    393216   7.387
    458752   7.493
    524288   7.546
    655360   7.630
    786432   7.690
    917504   7.755
   1048576   7.768
   1310720   7.844
   1572864  12.367
   1835008  15.662
   2097152  17.749
   2621440  20.628
   3145728  22.463
   3670016  23.710
   4194304  24.688
   5242880  25.968
   6291456  26.851
   7340032  27.474
