     16384   2.663
     20480   2.662
     24576   2.662
     28672   2.662
     32768   2.662
     40960   2.664
     49152   2.677
     57344   3.583
     65536   4.183
     81920   5.064
     98304   5.540
    114688   5.919
    131072   6.199
    163840   6.551
    196608   6.772
    229376   6.970
    262144   7.102
    327680   7.296
    393216   7.396
    458752   7.482
    524288   7.546
    655360   7.634
    786432   7.692
    917504   7.737
   1048576   7.764
   1310720   7.840
   1572864  12.727
   1835008  16.213
   2097152  18.513
   2621440  21.497
   3145728  23.504
   3670016  24.862
   4194304  25.878
   5242880  27.312
   6291456  28.244
   7340032  28.909
